mu         sigma        energy           err         delta       acc/att    iterations
0.6           0.4      0.164158    0.00381831           3.5        0.5073            15
0.6          0.42     0.0376235     0.0032426           3.8        0.4972            12
0.6          0.44    -0.0550047     0.0028668             4        0.4963            10
0.6          0.46      -0.12896    0.00229081             4        0.5072            10
0.6          0.48     -0.180305    0.00195166           4.2        0.4907             8
0.6           0.5     -0.223691    0.00199983           4.2        0.4991             8
0.6          0.52     -0.251075    0.00151664           4.3        0.4966             7
0.6          0.54     -0.273306    0.00143212           4.3        0.5006             7
0.6          0.56     -0.288903       0.00104           4.2        0.4995             8
0.6          0.58     -0.303424    0.00109794           4.2        0.5013            10
0.6           0.6      -0.31095    0.00100585           4.3        0.4937             7
0.6          0.62     -0.317375     0.0009949           4.3        0.4916             7
0.6          0.64     -0.320405    0.00107231           4.2          0.51             8
0.6          0.66     -0.325213     0.0010362           4.3        0.4916             7
0.6          0.68     -0.325728    0.00108077           4.3        0.4986             7
0.6           0.7     -0.326906    0.00106102           4.4        0.4959             6
0.6          0.72     -0.327467    0.00124317           4.5        0.4959             5
0.6          0.74     -0.326598    0.00141099           4.5        0.4912             5
0.6          0.76     -0.320408     0.0016436           4.5         0.492             5
0.6          0.78     -0.320251    0.00159747           4.6        0.4908             4
0.6           0.8     -0.310008    0.00191185           4.6        0.4902             4
0.62           0.4      0.185924    0.00460758           3.5        0.5043            15
0.62          0.42     0.0474743     0.0036563           3.7        0.5026            13
0.62          0.44    -0.0546981    0.00295123             4         0.498            10
0.62          0.46     -0.141016    0.00240372           4.1        0.4961             9
0.62          0.48     -0.198893     0.0019377           4.3        0.4938             7
0.62           0.5     -0.242374    0.00191795           4.3        0.4931             7
0.62          0.52     -0.272048    0.00143477           4.3        0.5015             7
0.62          0.54     -0.298373     0.0013536           4.4        0.4925             6
0.62          0.56     -0.313407    0.00117628           4.5        0.4907             5
0.62          0.58     -0.321335    0.00104241           4.4        0.4937             6
0.62           0.6     -0.333574    0.00105363           4.5        0.5017             5
0.62          0.62     -0.339598    0.00100007           4.5        0.4906             5
0.62          0.64     -0.342428    0.00110104           4.4        0.4935             6
0.62          0.66     -0.344263    0.00107805           4.5        0.4971             5
0.62          0.68     -0.346378    0.00110004           4.4        0.4998             6
0.62           0.7     -0.343805    0.00125145           4.5        0.4904             5
0.62          0.72     -0.340263    0.00156838           4.6        0.4912             4
0.62          0.74      -0.33721    0.00145801           4.5        0.4928             5
0.62          0.76     -0.328754     0.0018381           4.5        0.5011             5
0.62          0.78     -0.325631    0.00165644           4.7        0.4964             3
0.62           0.8     -0.319529    0.00205864           4.7        0.4912             3
0.64           0.4      0.188794    0.00452826           3.6        0.4962            14
0.64          0.42     0.0464543    0.00329204           3.7        0.4996            13
0.64          0.44    -0.0549976    0.00281007           4.1        0.4929             9
0.64          0.46      -0.14786    0.00245366           4.2        0.4935             8
0.64          0.48     -0.211105    0.00193201           4.3        0.4903             7
0.64           0.5     -0.260141    0.00181125           4.3        0.4917             7
0.64          0.52     -0.292486    0.00145702           4.4        0.4914             6
0.64          0.54     -0.317351    0.00132859           4.5        0.4947             5
0.64          0.56     -0.335731    0.00122194           4.4        0.5064             6
0.64          0.58     -0.346714   0.000934091           4.6        0.5027             4
0.64           0.6     -0.355839   0.000937986           4.5        0.4917             5
0.64          0.62     -0.361613   0.000819024           4.6        0.4916             4
0.64          0.64     -0.362436     0.0010322           4.5        0.5026             7
0.64          0.66     -0.360351     0.0010779           4.6        0.4947             4
0.64          0.68     -0.361727      0.001069           4.6        0.4905             4
0.64           0.7     -0.357522    0.00121823           4.6        0.4941             4
0.64          0.72     -0.353008    0.00129297           4.7        0.4936             3
0.64          0.74     -0.348199    0.00142799           4.8        0.4924             2
0.64          0.76     -0.338608     0.0015865           4.6        0.4953             4
0.64          0.78     -0.332535    0.00168461           4.7        0.4926             3
0.64           0.8     -0.322044    0.00179155           4.7        0.4948             3
0.66           0.4      0.213257    0.00458074           3.6        0.4926            14
0.66          0.42     0.0552869    0.00372799           3.8        0.4951            12
0.66          0.44    -0.0658873    0.00310222           4.1        0.4921             9
0.66          0.46     -0.153621    0.00308401           4.2        0.4926             8
0.66          0.48      -0.22028    0.00197123           4.3        0.5031             7
0.66           0.5     -0.272687    0.00177964           4.4         0.504             6
0.66          0.52     -0.309566    0.00142679           4.5        0.4952             5
0.66          0.54       -0.3346    0.00121692           4.5         0.497             5
0.66          0.56     -0.352492    0.00106466           4.7        0.4912             3
0.66          0.58     -0.366791   0.000984718           4.7        0.5016             3
0.66           0.6     -0.375103   0.000936344           4.7        0.4951             3
0.66          0.62     -0.379248   0.000902424           4.7         0.505             3
0.66          0.64      -0.38066    0.00102165           4.8        0.4909             2
0.66          0.66     -0.378206   0.000937757           4.8        0.4967             2
0.66          0.68     -0.373824    0.00110782           4.8        0.4909             2
0.66           0.7     -0.370659    0.00133017           4.7        0.4998             3
0.66          0.72     -0.361335    0.00139225           4.8        0.4938             2
0.66          0.74     -0.356387    0.00144773           4.7        0.5061             3
0.66          0.76     -0.341363    0.00160605           4.8        0.4935             2
0.66          0.78     -0.335109    0.00176341           4.7        0.5017             3
0.66           0.8     -0.323004    0.00214609           4.9        0.4953             1
0.68           0.4      0.224313    0.00470164           3.6        0.4918            14
0.68          0.42     0.0586108    0.00328675           3.7        0.5003            13
0.68          0.44    -0.0594906    0.00318392             4         0.493            12
0.68          0.46     -0.150795     0.0030119           4.3        0.4902             7
0.68          0.48      -0.22644     0.0022912           4.3        0.5035             7
0.68           0.5     -0.282506    0.00178188           4.5        0.4906             5
0.68          0.52     -0.321691    0.00157224           4.6        0.4947             4
0.68          0.54     -0.351764    0.00136414           4.7        0.4928             3
0.68          0.56     -0.370645    0.00109128           4.8        0.4922             2
0.68          0.58      -0.38349    0.00089296           4.9        0.4913             1
0.68           0.6     -0.391965   0.000919072           4.9        0.5019             1
0.68          0.62     -0.395748   0.000842041           4.8         0.499             2
0.68          0.64     -0.395408   0.000884832           4.9        0.4946             1
0.68          0.66     -0.392689   0.000849102           4.9        0.4945             1
0.68          0.68     -0.388151    0.00106686           4.8        0.5035             2
0.68           0.7     -0.381537    0.00122723           4.9        0.4975             1
0.68          0.72     -0.373692    0.00119658           4.9         0.503             1
0.68          0.74     -0.362844    0.00156151           4.9        0.4955             1
0.68          0.76     -0.352376    0.00176014           4.9        0.4953             1
0.68          0.78     -0.331971    0.00198579           4.9        0.4961             1
0.68           0.8     -0.322991    0.00189375           4.9        0.5038             1
0.7           0.4      0.235588    0.00457169           3.4        0.4912            16
0.7          0.42     0.0730233    0.00394161           3.8        0.4906            12
0.7          0.44    -0.0521844    0.00381808             4        0.4963            14
0.7          0.46     -0.157367    0.00265123           4.2        0.4918             8
0.7          0.48     -0.232208    0.00217717           4.3        0.5046             7
0.7           0.5     -0.290077    0.00178474           4.5         0.497             5
0.7          0.52     -0.331887    0.00181497           4.7        0.4911             3
0.7          0.54     -0.361979    0.00127926           4.6        0.5032             4
0.7          0.56     -0.384572     0.0011578           4.9          0.49             1
0.7          0.58     -0.399759   0.000928446           4.8        0.4967             2
0.7           0.6     -0.406405   0.000747132           4.9        0.4938             1
0.7          0.62     -0.409548   0.000682897           4.9        0.5074             1
0.7          0.64     -0.407947   0.000828171           4.9        0.5045             1
0.7          0.66     -0.404171   0.000983785           4.9        0.5068             1
0.7          0.68     -0.397211    0.00106996           4.9        0.5015             1
0.7           0.7     -0.390279    0.00113416           4.9        0.5075             1
0.7          0.72       -0.3799    0.00143173           4.9        0.5058             1
0.7          0.74     -0.370235    0.00150293           4.9        0.5043             3
0.7          0.76     -0.352679    0.00186172           4.9        0.4963             1
0.7          0.78     -0.337065    0.00221106           4.9        0.5042             1
0.7           0.8     -0.320703    0.00238521           4.9         0.504             1
0.72           0.4      0.254318    0.00420877           3.1        0.4956            19
0.72          0.42     0.0903015    0.00355003           3.6        0.4964            14
0.72          0.44    -0.0418515    0.00343007           3.8        0.4988            12
0.72          0.46     -0.149506    0.00251255           4.2        0.4964             8
0.72          0.48     -0.231539    0.00251503           4.4        0.4946             6
0.72           0.5     -0.294284    0.00186692           4.5        0.5008             5
0.72          0.52     -0.341827    0.00147277           4.7        0.4966             3
0.72          0.54     -0.374184    0.00125398           4.8        0.4918             2
0.72          0.56     -0.399448    0.00107454           4.8        0.5051             2
0.72          0.58     -0.411195   0.000906863           4.9        0.5026             1
0.72           0.6     -0.419417   0.000775492           4.9        0.5078             1
0.72          0.62     -0.422756   0.000665027           4.9        0.5041             1
0.72          0.64     -0.419951   0.000840967             5        0.5061             2
0.72          0.66     -0.416588   0.000884366             5         0.501             2
0.72          0.68     -0.407659    0.00117758             5        0.5024             2
0.72           0.7     -0.398017    0.00109086             5        0.5074             2
0.72          0.72     -0.385508    0.00134569             5        0.5076             4
0.72          0.74     -0.371081    0.00163675             5        0.5022             2
0.72          0.76     -0.352238    0.00209129           4.9        0.5058             1
0.72          0.78     -0.340077    0.00205376           5.1        0.4998             3
0.72           0.8      -0.32276    0.00223496           4.9        0.5074             1
0.74           0.4      0.263304     0.0036247           2.3        0.4937            27
0.74          0.42     0.0963169    0.00361627           3.6         0.496            14
0.74          0.44    -0.0442461    0.00352211           3.9        0.4944            11
0.74          0.46     -0.143688    0.00297749           4.1         0.496            11
0.74          0.48     -0.229523    0.00243322           4.5        0.4909             5
0.74           0.5     -0.301698    0.00188991           4.7        0.4915             3
0.74          0.52     -0.345098    0.00164618           4.7        0.4947             3
0.74          0.54     -0.381761    0.00122524           4.9        0.4914             1
0.74          0.56     -0.404572    0.00115514           4.9        0.5011             1
0.74          0.58     -0.422929   0.000780419             5        0.4989             2
0.74           0.6     -0.430158   0.000750611           5.1         0.505             3
0.74          0.62     -0.430402   0.000658498           5.1        0.5035             3
0.74          0.64     -0.428811   0.000874071           5.1        0.5023             3
0.74          0.66     -0.423299   0.000871183           5.1         0.509             3
0.74          0.68     -0.413658    0.00144743           5.1         0.504             3
0.74           0.7     -0.402782     0.0012203           5.2        0.5031             4
0.74          0.72     -0.388226    0.00144693           5.1        0.5034             3
0.74          0.74     -0.371512     0.0019027           5.1        0.5098             3
0.74          0.76     -0.355088    0.00217324           5.2        0.5093             4
0.74          0.78     -0.336639    0.00238483           5.1        0.5079             3
0.74           0.8     -0.319097    0.00228173           5.3        0.4989             5
0.76           0.4      0.269239    0.00407665           2.2        0.5034            28
0.76          0.42      0.102436    0.00386499           3.1        0.4965            19
0.76          0.44    -0.0299863    0.00372386           3.7        0.5006            13
0.76          0.46     -0.146228    0.00276972           4.2        0.4972             8
0.76          0.48     -0.228361     0.0026115           4.4        0.4968             6
0.76           0.5     -0.298875    0.00178658           4.6        0.4959             4
0.76          0.52     -0.348493    0.00179379           4.8        0.4906             2
0.76          0.54     -0.385266    0.00116654           4.8         0.494             2
0.76          0.56      -0.41116    0.00116826           4.9         0.504             1
0.76          0.58     -0.427818   0.000899678           5.1        0.4907             3
0.76           0.6      -0.43607   0.000697321           5.1        0.4964             3
0.76          0.62     -0.439229   0.000718839           5.2        0.4978             4
0.76          0.64     -0.435394    0.00101864           5.2        0.5057             4
0.76          0.66     -0.428144   0.000939041           5.3        0.5003             5
0.76          0.68     -0.418833    0.00109535           5.3        0.5037             5
0.76           0.7     -0.403439    0.00150876           5.3        0.5042             5
0.76          0.72     -0.387669    0.00194723           5.2        0.5083             4
0.76          0.74      -0.37276    0.00176223           5.2         0.507             4
0.76          0.76     -0.356102    0.00224741           5.3        0.5057             5
0.76          0.78     -0.329811    0.00230966           5.3        0.5094             5
0.76           0.8     -0.306967    0.00234605           5.2          0.51             4
0.78           0.4      0.284334    0.00411817             2        0.5013            30
0.78          0.42      0.115792    0.00387073           3.3        0.4912            17
0.78          0.44    -0.0155395    0.00375887           3.6        0.4929            14
0.78          0.46     -0.141066    0.00289237           4.1        0.4935             9
0.78          0.48      -0.22445    0.00252232           4.4         0.497             6
0.78           0.5     -0.297232    0.00197569           4.5        0.4961             5
0.78          0.52     -0.350692    0.00165034           4.8        0.4932             2
0.78          0.54     -0.387926    0.00144325           4.9        0.4975             3
0.78          0.56     -0.416218    0.00105547           4.9        0.4996             1
0.78          0.58      -0.43181    0.00103867             5        0.5093             2
0.78           0.6     -0.440769   0.000725679           5.1         0.508             3
0.78          0.62     -0.442894   0.000755777           5.2        0.5037             4
0.78          0.64      -0.43909   0.000836508           5.2         0.509             4
0.78          0.66     -0.431816    0.00105801           5.3        0.4969             5
0.78          0.68     -0.419141    0.00145862           5.4        0.5026             6
0.78           0.7     -0.404207    0.00165831           5.4        0.5062             6
0.78          0.72     -0.387095     0.0019686           5.4        0.5032             6
0.78          0.74     -0.369273    0.00201236           5.4         0.505             6
0.78          0.76     -0.347522    0.00181592           5.5        0.4984             7
0.78          0.78     -0.316766    0.00229711           5.3        0.5079             5
0.78           0.8     -0.302471    0.00274621           5.4        0.5026             6
0.8           0.4       0.28302    0.00346151             2        0.4967            30
0.8          0.42      0.123373    0.00358773           2.4        0.4933            26
0.8          0.44     -0.018353    0.00340395           3.4        0.4921            16
0.8          0.46     -0.127741    0.00271106           3.7        0.5057            13
0.8          0.48     -0.226033    0.00232185           4.2        0.4934             8
0.8           0.5     -0.292448    0.00220251           4.5         0.497             5
0.8          0.52     -0.344871    0.00154822           4.8        0.4922             2
0.8          0.54     -0.386476    0.00127661           4.9         0.497             1
0.8          0.56     -0.415616    0.00104071             5          0.49             2
0.8          0.58     -0.434916   0.000772628           5.1        0.5012             3
0.8           0.6     -0.442052   0.000829128           5.2        0.5029             4
0.8          0.62     -0.444511    0.00090948           5.3        0.5067             5
0.8          0.64     -0.441008    0.00094371           5.4        0.5048             6
0.8          0.66     -0.431832    0.00107441           5.4         0.505             6
0.8          0.68     -0.417538    0.00138098           5.5         0.508             7
0.8           0.7     -0.402362     0.0013856           5.5        0.5095             7
0.8          0.72      -0.38537    0.00156741           5.5        0.5087             7
0.8          0.74     -0.363085    0.00213049           5.6        0.5026             8
0.8          0.76      -0.33726    0.00227272           5.5        0.5074             7
0.8          0.78     -0.314162    0.00261978           5.5        0.5083             7
0.8           0.8     -0.284329    0.00324159           5.4        0.5029             6
0.82           0.4      0.295432    0.00378385           1.9        0.5031            31
0.82          0.42         0.131     0.0034243           2.2        0.4925            28
0.82          0.44   -0.00219047    0.00312084           2.5        0.4925            25
0.82          0.46     -0.119705    0.00291637           3.8        0.4972            12
0.82          0.48     -0.216744    0.00245957           4.1        0.4948             9
0.82           0.5     -0.289385    0.00215923           4.4        0.4968             6
0.82          0.52     -0.342298    0.00173881           4.8        0.4967             2
0.82          0.54     -0.384099    0.00130098           4.9        0.4925             1
0.82          0.56     -0.414164    0.00108062           4.9         0.503             1
0.82          0.58     -0.431118   0.000965332           5.1         0.507             3
0.82           0.6     -0.440728   0.000781817           5.2        0.5049             4
0.82          0.62     -0.443199   0.000910889           5.2        0.5096             4
0.82          0.64     -0.438957   0.000844693           5.4        0.5019             6
0.82          0.66     -0.427598    0.00135784           5.4        0.5084             6
0.82          0.68      -0.41392    0.00156232           5.6        0.5062             8
0.82           0.7     -0.399451    0.00168977           5.6        0.5088             8
0.82          0.72     -0.375882    0.00205724           5.6        0.5074             8
0.82          0.74     -0.355448    0.00240355           5.6        0.5039             8
0.82          0.76     -0.327948    0.00273242           5.7        0.5024             9
0.82          0.78      -0.29659    0.00301221           5.6        0.5085             8
0.82           0.8     -0.269639    0.00316344           5.7        0.4979             9
0.84           0.4      0.294339    0.00362218           1.9        0.4918            31
0.84          0.42      0.138932    0.00368075             2        0.4989            30
0.84          0.44    0.00678308    0.00250541           2.4         0.499            26
0.84          0.46     -0.109989    0.00291725           3.6        0.4908            14
0.84          0.48     -0.202641     0.0028315           4.1        0.5023             9
0.84           0.5     -0.281461    0.00206773           4.3        0.4922             7
0.84          0.52      -0.33457     0.0016283           4.7         0.495             3
0.84          0.54     -0.378389    0.00134843           4.9        0.4907             1
0.84          0.56      -0.40922   0.000991778             5        0.4993             2
0.84          0.58     -0.426688   0.000919809           5.1        0.4964             3
0.84           0.6     -0.436714   0.000953187           5.3        0.5018             5
0.84          0.62      -0.43737    0.00101071           5.5        0.4912             7
0.84          0.64     -0.433098    0.00105162           5.4        0.5077             6
0.84          0.66     -0.422002    0.00129348           5.7        0.4991            11
0.84          0.68     -0.406881    0.00151292           5.6        0.5061             8
0.84           0.7     -0.388121    0.00198336           5.7        0.5041             9
0.84          0.72     -0.362481    0.00212878           5.8        0.5057            10
0.84          0.74     -0.338595    0.00255834           5.8        0.5028            10
0.84          0.76     -0.305825    0.00288784           5.8        0.5093            10
0.84          0.78     -0.284981    0.00294565           5.9        0.5032            13
0.84           0.8     -0.254714    0.00316272           5.8        0.5099            10
0.86           0.4      0.304795    0.00366284           1.8        0.4979            32
0.86          0.42      0.142854    0.00350516           2.1        0.4913            29
0.86          0.44     0.0158233    0.00306353           2.2        0.5093            28
0.86          0.46    -0.0971387    0.00262317           2.9        0.4913            21
0.86          0.48     -0.190442    0.00248056           3.9        0.4919            11
0.86           0.5     -0.271162    0.00200287           4.5        0.4924             5
0.86          0.52     -0.325072    0.00178008           4.6        0.4966             4
0.86          0.54     -0.370984    0.00130637           4.9        0.5017             1
0.86          0.56     -0.401396   0.000956203           4.9        0.5035             1
0.86          0.58     -0.418653    0.00106968             5        0.5075             2
0.86           0.6     -0.429328   0.000819901           5.2        0.5068             4
0.86          0.62     -0.430256    0.00111223           5.5        0.5016             7
0.86          0.64      -0.42709    0.00118887           5.5        0.5032             7
0.86          0.66      -0.41525    0.00152991           5.7        0.4987             9
0.86          0.68      -0.39864     0.0017762           5.8        0.5094            10
0.86           0.7     -0.376216    0.00190929           5.8        0.5067            10
0.86          0.72     -0.350578    0.00264539           5.8        0.5015            10
0.86          0.74     -0.327594    0.00286284           5.8        0.5084            10
0.86          0.76     -0.290168    0.00320081           5.9        0.5039            11
0.86          0.78     -0.264504    0.00348535           5.9        0.5098            11
0.86           0.8       -0.2305    0.00385676           5.9        0.5042            11
0.88           0.4        0.3022    0.00416498           1.8         0.495            32
0.88          0.42      0.150521    0.00343125             2         0.496            30
0.88          0.44      0.016409    0.00279707           2.2        0.4942            28
0.88          0.46    -0.0903932     0.0023934           2.6        0.4902            24
0.88          0.48     -0.183005    0.00234051           3.8        0.4946            12
0.88           0.5      -0.25453    0.00234126           4.3        0.4973             7
0.88          0.52     -0.316227    0.00182945           4.6        0.4907             4
0.88          0.54     -0.360624    0.00150971           4.8        0.4977             2
0.88          0.56     -0.388675    0.00105132           4.9        0.5062             1
0.88          0.58     -0.408405   0.000913977           5.1        0.4925             3
0.88           0.6     -0.416377   0.000916368           5.3        0.5065             5
0.88          0.62     -0.418959    0.00119698           5.4        0.5049             6
0.88          0.64     -0.410345    0.00147993           5.5        0.5061             7
0.88          0.66     -0.400554    0.00149516           5.5        0.5078             7
0.88          0.68     -0.379458    0.00182785           5.8        0.5047            10
0.88           0.7     -0.359121    0.00221632           5.9        0.5057            11
0.88          0.72     -0.339196    0.00217523           5.9        0.5081            11
0.88          0.74     -0.309543    0.00232856           6.1        0.5008            13
0.88          0.76     -0.270471    0.00335681           6.1        0.5031            13
0.88          0.78     -0.233022    0.00398031             6         0.507            12
0.88           0.8     -0.208296    0.00400926             6         0.507            12
0.9           0.4       0.31188    0.00334453           1.8        0.4968            32
0.9          0.42      0.157534    0.00317563           1.9        0.4996            31
0.9          0.44      0.030487    0.00256058           2.1        0.4935            29
0.9          0.46    -0.0798071    0.00212751           2.4         0.494            26
0.9          0.48     -0.165872    0.00210016           3.1        0.4926            19
0.9           0.5     -0.241409    0.00213422             4        0.4958            10
0.9          0.52     -0.300306    0.00164641           4.6        0.4909             4
0.9          0.54     -0.345849    0.00160149           4.8        0.4913             2
0.9          0.56     -0.375709    0.00121192           4.9         0.505             1
0.9          0.58       -0.3926   0.000985354           5.1        0.5085             3
0.9           0.6     -0.403708    0.00114049           5.2        0.5067             4
0.9          0.62     -0.406146    0.00137028           5.5        0.4988             7
0.9          0.64      -0.39478    0.00150841           5.6        0.5048             8
0.9          0.66     -0.387494    0.00161915           5.7        0.5095             9
0.9          0.68     -0.367539    0.00189093           5.9        0.5022            11
0.9           0.7     -0.343673    0.00208961             6        0.5047            12
0.9          0.72     -0.316286    0.00225895           6.1        0.5073            13
0.9          0.74     -0.283306    0.00302899           6.2        0.5059            14
0.9          0.76     -0.253862    0.00315134           6.1        0.4983            13
0.9          0.78      -0.21351    0.00369833           6.1        0.5048            13
0.9           0.8     -0.178215    0.00391045           6.3        0.4934            15
0.92           0.4      0.317221    0.00358339           1.7        0.5021            33
0.92          0.42      0.166361     0.0029585           1.9        0.4992            31
0.92          0.44     0.0411672    0.00287074             2        0.5072            30
0.92          0.46    -0.0634305    0.00220162           2.3        0.4942            27
0.92          0.48     -0.157418    0.00203039           2.6        0.4925            24
0.92           0.5     -0.228258    0.00205369           3.9        0.4909            11
0.92          0.52     -0.285076    0.00170993           4.5        0.4928             5
0.92          0.54      -0.32649    0.00163564           4.8        0.4969             2
0.92          0.56     -0.356543    0.00126124           4.9        0.4971             1
0.92          0.58     -0.376975    0.00110224           5.1        0.5015             3
0.92           0.6     -0.386146     0.0010986           5.1        0.5064             3
0.92          0.62     -0.388518    0.00139993           5.4        0.5094             6
0.92          0.64     -0.377115    0.00166077           5.7           0.5             9
0.92          0.66      -0.36307    0.00182626           5.8        0.5096            10
0.92          0.68     -0.347555    0.00187211           5.9        0.5086            11
0.92           0.7     -0.314389    0.00266651             6        0.5091            12
0.92          0.72     -0.290606    0.00250845           6.1        0.5002            13
0.92          0.74     -0.257281    0.00294703           6.1        0.5071            13
0.92          0.76     -0.222287    0.00334956           6.2        0.4986            14
0.92          0.78     -0.187234    0.00412482           6.4        0.4959            16
0.92           0.8     -0.144617    0.00423976           6.3         0.497            15
0.94           0.4      0.310982    0.00348721           1.7         0.504            35
0.94          0.42      0.174516    0.00307604           1.9        0.4929            33
0.94          0.44     0.0501988     0.0025268             2        0.5056            30
0.94          0.46    -0.0491017    0.00210423           2.3        0.4906            27
0.94          0.48     -0.136047    0.00205236           2.5        0.4929            25
0.94           0.5       -0.2103    0.00171709             3        0.4996            20
0.94          0.52     -0.264835    0.00147492           4.4        0.4973             6
0.94          0.54     -0.307803    0.00119531           4.5        0.4933             5
0.94          0.56     -0.338386    0.00114806           4.9        0.4901             1
0.94          0.58     -0.356217    0.00113829             5         0.501             2
0.94           0.6     -0.366547     0.0012956           5.3        0.5045             5
0.94          0.62       -0.3611    0.00166086           5.4        0.5087             6
0.94          0.64     -0.356649    0.00172363           5.5         0.506             7
0.94          0.66     -0.341765    0.00191835           5.8        0.5068            10
0.94          0.68     -0.322009    0.00234284           5.9        0.5085            11
0.94           0.7     -0.299233    0.00248584           6.1        0.4959            13
0.94          0.72     -0.262021    0.00313536           6.1        0.5051            13
0.94          0.74      -0.22477    0.00350174           6.3        0.5098            15
0.94          0.76      -0.18739    0.00365857           6.3        0.5002            15
0.94          0.78     -0.148263    0.00431181           6.4        0.5031            16
0.94           0.8     -0.105838    0.00449584           6.4        0.5068            16
0.96           0.4      0.314567    0.00407607           1.7        0.4954            33
0.96          0.42      0.182462    0.00289932           1.9        0.4942            31
0.96          0.44     0.0585975    0.00266073             2        0.4969            30
0.96          0.46    -0.0370899    0.00213802           2.3        0.4929            27
0.96          0.48      -0.12546    0.00177199           2.3        0.5032            27
0.96           0.5     -0.191944    0.00150227           2.6        0.4977            26
0.96          0.52     -0.241137    0.00131317           3.9        0.4905            11
0.96          0.54     -0.286402    0.00130203           4.3        0.5014             7
0.96          0.56     -0.315343    0.00124569           4.9          0.49             1
0.96          0.58     -0.331932    0.00127407           4.9         0.507             1
0.96           0.6     -0.341613    0.00139832           4.9          0.51             1
0.96          0.62     -0.338739    0.00150765           5.4        0.5037             6
0.96          0.64     -0.329084    0.00174261           5.6        0.5068             8
0.96          0.66     -0.315369    0.00231315           5.8        0.5044            10
0.96          0.68     -0.289714    0.00238459             6        0.4987            12
0.96           0.7     -0.268696    0.00266475             6        0.5093            12
0.96          0.72     -0.230311     0.0031047           6.2        0.5021            14
0.96          0.74     -0.197182    0.00364571           6.3        0.5068            15
0.96          0.76     -0.155054    0.00412377           6.5         0.507            17
0.96          0.78     -0.112845    0.00450271           6.5        0.5053            17
0.96           0.8    -0.0637276    0.00464657           6.6        0.5067            18
0.98           0.4      0.314128    0.00330701           1.7         0.507            33
0.98          0.42      0.190459    0.00305155           1.8        0.5057            32
0.98          0.44     0.0761542    0.00282366           1.9        0.5044            33
0.98          0.46    -0.0217877    0.00200211           2.1        0.4965            29
0.98          0.48     -0.101355      0.001792           2.2         0.508            28
0.98           0.5     -0.166905    0.00151706           2.5        0.4945            25
0.98          0.52     -0.222757    0.00129662             3        0.4948            20
0.98          0.54     -0.260759    0.00125204           4.3         0.496             7
0.98          0.56     -0.290297    0.00137386           4.8         0.493             2
0.98          0.58     -0.305029     0.0013396           4.9        0.4967             1
0.98           0.6     -0.313352    0.00150403           5.1        0.5056             3
0.98          0.62     -0.311505     0.0018005           5.3        0.5032             5
0.98          0.64     -0.293173    0.00256295           5.4        0.5097             6
0.98          0.66     -0.274566    0.00245978           5.9        0.4989            11
0.98          0.68     -0.255865    0.00271955           6.1        0.5051            13
0.98           0.7     -0.229115    0.00310258           6.2        0.5006            14
0.98          0.72     -0.186985    0.00316191           6.3        0.4987            15
0.98          0.74      -0.14705    0.00363571           6.4        0.4983            16
0.98          0.76     -0.117815    0.00374005           6.3        0.5062            15
0.98          0.78    -0.0708538    0.00466341           6.5         0.509            17
0.98           0.8    -0.0240481    0.00489427           6.6        0.5084            18
1           0.4      0.324755    0.00371737           1.7        0.5037            33
1          0.42      0.196838    0.00289129           1.8        0.4925            32
1          0.44     0.0878642    0.00250215           1.9        0.5005            31
1          0.46   -0.00581666    0.00200469           2.1         0.495            29
1          0.48    -0.0815696    0.00157715           2.3        0.4914            27
1           0.5     -0.144162    0.00151374           2.6        0.4938            24
1          0.52     -0.197933    0.00132105           2.7        0.4975            23
1          0.54     -0.233467    0.00121215           3.4        0.4928            16
1          0.56      -0.25909    0.00123775           4.8        0.4976             2
1          0.58     -0.272806    0.00143558           4.9        0.4942             1
1           0.6     -0.280077    0.00150304             5        0.5007             2
1          0.62     -0.272681    0.00183602           5.5        0.5025             7
1          0.64      -0.26497    0.00193188           5.7        0.5023             9
1          0.66     -0.244904    0.00239293           5.8        0.4947            10
1          0.68     -0.222673    0.00260096           5.9        0.5097            11
1           0.7     -0.184138    0.00287016           6.3        0.5043            15
1          0.72      -0.15559    0.00355233           6.3        0.5095            15
1          0.74      -0.12021    0.00375521           6.3        0.5085            15
1          0.76    -0.0621171    0.00415334           6.5        0.4987            17
1          0.78    -0.0147181    0.00489348           6.6        0.5071            18
1           0.8     0.0243392    0.00547248           6.7        0.5024            19
