              1      -7.08e-05      -7.08e-05              0
              2      0.0005564      0.0002428      0.0003136
              3      0.0001688    0.000218133     0.00018273
              4       -0.00245     -0.0004489    0.000679432
              5     -0.0023812    -0.00083536    0.000652938
              6     -0.0015708   -0.000957933    0.000547031
              7     -0.0008264   -0.000939143    0.000462707
              8      0.0018024    -0.00059645    0.000527268
              9       6.24e-05   -0.000523244    0.000470734
             10     -0.0015468     -0.0006256      0.0004333
             11     -0.0025568   -0.000801164     0.00042946
             12      0.0001268   -0.000723833    0.000399595
             13     -0.0033788   -0.000928062      0.0004205
             14      0.0013636   -0.000764371     0.00042232
             15      0.0027296    -0.00053144     0.00045698
             16      0.0010624   -0.000431825    0.000438919
             17      0.0001808   -0.000395788    0.000413865
