              1      -0.461764      -0.461764              0
              2      -0.462866      -0.462315      0.0005508
              3       -0.46219      -0.462273    0.000320697
              4      -0.462523      -0.462336    0.000235213
              5       -0.46217      -0.462303    0.000185203
              6      -0.461673      -0.462198    0.000184074
              7      -0.462037      -0.462175    0.000157258
              8      -0.462488      -0.462214    0.000141711
              9      -0.462538       -0.46225    0.000130053
             10      -0.461826      -0.462207    0.000123815
             11       -0.46246       -0.46223    0.000114326
             12      -0.461444      -0.462165    0.000123231
             13      -0.461362      -0.462103      0.0001291
             14      -0.462741      -0.462149    0.000127911
             15       -0.46201      -0.462139    0.000119435
             16      -0.463044      -0.462196    0.000125213
             17      -0.462489      -0.462213    0.000118872
