              1        1.35218        1.35218              0
              2        1.35452        1.35335      0.0011716
              3        1.36424        1.35698     0.00369131
              4        1.36857        1.35988     0.00390083
              5        1.34808        1.35752     0.00383391
              6        1.35596        1.35726      0.0031411
              7         1.3686        1.35888     0.00311017
              8        1.35978        1.35899     0.00269586
              9        1.36593        1.35976     0.00249944
             10        1.35834        1.35962     0.00224009
             11        1.36171        1.35981     0.00203515
             12        1.34089        1.35823     0.00243685
             13        1.34696        1.35737      0.0024034
             14        1.35162        1.35696     0.00226269
             15         1.3604        1.35719     0.00211895
             16        1.36706         1.3578     0.00207602
             17        1.36826        1.35842     0.00204473
