              1        0.19811        0.19811              0
              2       0.196889       0.197499    0.000610875
              3       0.196168       0.197056    0.000566876
              4       0.196904       0.197018    0.000402639
              5       0.196666       0.196947    0.000319715
              6       0.196649       0.196898    0.000265725
              7       0.196968       0.196908    0.000224804
              8        0.19569       0.196755    0.000247141
              9       0.196504       0.196727    0.000219749
             10       0.196476       0.196702    0.000198153
             11       0.196822       0.196713    0.000179563
             12       0.196139       0.196665    0.000170755
             13       0.196802       0.196676    0.000157422
             14       0.196363       0.196653    0.000147448
             15       0.196758        0.19666    0.000137443
             16       0.196144       0.196628    0.000132559
             17       0.195911       0.196586     0.00013147
