             50       -0.97389      -0.974345    0.000215623            0.5
             50      -0.932756      -0.935281    0.000246702            0.6
             50      -0.891529      -0.891828    0.000141806            0.7
             50      -0.849382       -0.84844    0.000130342            0.8
             50      -0.804264      -0.804501    0.000102545            0.9
             50      -0.761767      -0.761439    9.14173e-05              1
             50      -0.720209      -0.720803    8.22728e-05            1.1
             50      -0.682233      -0.682184     8.4088e-05            1.2
             50      -0.645899      -0.646454    7.08027e-05            1.3
             50      -0.613764      -0.613497    7.28001e-05            1.4
             50      -0.582796      -0.582863    6.47686e-05            1.5
             50      -0.555085       -0.55461     6.7339e-05            1.6
             50      -0.529136      -0.528755    6.94134e-05            1.7
             50      -0.504973      -0.504633    6.21475e-05            1.8
             50      -0.482072      -0.482574    5.13579e-05            1.9
             50      -0.461856      -0.462046    5.05342e-05              2
