             50        78.3149        79.2512       0.211026            0.5
             50        42.4273        44.3633        0.20292            0.6
             50        24.2403        24.6338      0.0901583            0.7
             50        15.2297        15.2408      0.0441295            0.8
             50        10.2521        10.2549       0.025853            0.9
             50        7.41918        7.37485      0.0144339              1
             50        5.55608         5.6099      0.0122065            1.1
             50        4.48535        4.40627     0.00602744            1.2
             50        3.53342         3.5784      0.0042607            1.3
             50        3.04573        2.97819     0.00438401            1.4
             50        2.54162        2.53092     0.00339539            1.5
             50        2.20591        2.18149     0.00212346            1.6
             50        1.90201        1.90746     0.00170054            1.7
             50        1.71194        1.68631     0.00144546            1.8
             50        1.49872        1.50566     0.00123775            1.9
             50        1.36751        1.35894     0.00115177              2
