             50       0.333495       0.327351     0.00182505            0.5
             50        0.42349       0.422747    0.000907224            0.6
             50       0.426561       0.433866     0.00100763            0.7
             50       0.437119       0.439325    0.000655526            0.8
             50       0.430815       0.435691    0.000493617            0.9
             50       0.424385       0.420503    0.000334218              1
             50       0.397227       0.396726    0.000319467            1.1
             50       0.372311       0.370865     0.00023963            1.2
             50       0.343465       0.344554    0.000200055            1.3
             50       0.318174       0.318159     0.00017676            1.4
             50       0.294532       0.293419    0.000151513            1.5
             50       0.269477        0.27027    0.000146153            1.6
             50       0.248305       0.249587    0.000141399            1.7
             50       0.229605       0.229974    0.000122129            1.8
             50       0.211588       0.212506    0.000127535            1.9
             50       0.196167       0.196521    8.59771e-05              2
