             50        13.8618        11.3283       0.535098            0.5
             50        18.9887        19.2025       0.343464            0.6
             50        18.5769        17.7862       0.114228            0.7
             50        13.5882        13.3672      0.0511657            0.8
             50        9.93584        9.63315      0.0267162            0.9
             50        7.16688        7.15536       0.014295              1
             50        5.50569        5.50083      0.0110067            1.1
             50        4.42071        4.35567     0.00599591            1.2
             50        3.49564        3.55072     0.00438513            1.3
             50        3.03126        2.96438     0.00402502            1.4
             50        2.54514        2.51925     0.00323414            1.5
             50          2.187        2.17494     0.00227404            1.6
             50         1.8898        1.90305      0.0016401            1.7
             50        1.71095        1.68321     0.00142127            1.8
             50        1.49722        1.50371      0.0012815            1.9
             50        1.36572        1.35776     0.00107722              2
