             50        0.27184       0.261424     0.00249968            0.5
             50       0.489317       0.486489     0.00137763            0.6
             50         0.5218       0.526363     0.00090321            0.7
             50       0.504565       0.497853    0.000791059            0.8
             50       0.472894       0.469219    0.000619145            0.9
             50       0.443482       0.440345     0.00044525              1
             50       0.408728         0.4095    0.000391661            1.1
             50       0.379982       0.379477    0.000285142            1.2
             50       0.349037       0.350425    0.000204291            1.3
             50       0.322529       0.322103    0.000202278            1.4
             50       0.296925       0.296472    0.000157992            1.5
             50       0.272232       0.272725    0.000159706            1.6
             50       0.249652       0.251426    0.000134834            1.7
             50       0.231275       0.231302    0.000126565            1.8
             50       0.212673        0.21362    0.000124743            1.9
             50       0.197571        0.19748    8.40401e-05              2
