             50        -1.0029       -1.00359    0.000174766            0.5
             50      -0.964206      -0.964957    0.000268043            0.6
             50      -0.911092       -0.91253    0.000215441            0.7
             50      -0.863895      -0.861321    0.000157754            0.8
             50        -0.8141       -0.81292    0.000144128            0.9
             50      -0.767198      -0.767417    9.50141e-05              1
             50      -0.724922      -0.725033    8.38452e-05            1.1
             50      -0.685702      -0.685402    8.65491e-05            1.2
             50      -0.647903      -0.648937    7.78251e-05            1.3
             50       -0.61561      -0.615514    6.67085e-05            1.4
             50      -0.584613      -0.584531    6.67393e-05            1.5
             50      -0.556382      -0.556008    7.38277e-05            1.6
             50      -0.530248      -0.529981    7.45273e-05            1.7
             50      -0.506095      -0.505665    6.30687e-05            1.8
             50      -0.482911      -0.483514    5.24905e-05            1.9
             50      -0.462646       -0.46289    5.15825e-05              2
