-6.15418
-6.07181
-5.94635
-5.89544
-5.86315
-5.72757
-5.6768
-5.67186
-5.62331
-5.57786
-5.56325
-5.61589
-5.52381
-5.45837
-5.45864
-5.44921
-5.4777
-5.40844
-5.44241
-5.35975
-5.33111
-5.34586
-5.39145
-5.37953
-5.39102
-5.33019
-5.37314
-5.36587
-5.34802
-5.34322
-5.34457
-5.32573
-5.33947
-5.37015
-5.3468
-5.3889
-5.34382
-5.37245
-5.36752
-5.25246
-5.2341
-5.17183
-5.24527
-5.2808
-5.21008
-5.29257
-5.31074
-5.30247
-5.19146
-5.27405
-5.21721
-5.16506
-5.28983
-5.34805
-5.30162
-5.27815
-5.2972
-5.34505
-5.31065
-5.31493
-5.40671
-5.40579
-5.37758
-5.27109
-5.33001
-5.30046
-5.28597
-5.2597
-5.26935
-5.28038
-5.22264
-5.14268
-5.3501
-5.29208
-5.24527
-5.27897
-5.32226
-5.33995
-5.34383
-5.3357
-5.31485
-5.2605
-5.24156
-5.24778
-5.24687
-5.21493
-5.1679
-5.21233
-5.12989
-5.21737
-5.21775
-5.28103
-5.25074
-5.28662
-5.19728
-5.13947
-5.17918
-5.27098
-5.17675
-5.11014
-5.11482
-5.03747
-5.04958
-5.06912
-5.16576
-5.16694
-5.16321
-5.17491
-5.17663
-5.13493
-5.08424
-5.06658
-5.1599
-5.21149
-5.1478
-5.08723
-5.00766
-5.04632
-5.17116
-5.09615
-5.06588
-5.14651
-5.14697
-5.07415
-5.03737
-5.12374
-5.12326
-5.17001
-5.14462
-5.0907
-5.04957
-5.18557
-5.16335
-5.17464
-5.04036
-5.11722
-5.20133
-5.2379
-5.20862
-5.20489
-5.18608
-5.18862
-5.07598
-5.09669
-5.13096
-5.12433
-5.1664
-5.24159
-5.18704
-5.15794
-5.06768
-5.06441
-4.91018
-4.93237
-4.9766
-4.93108
-5.07538
-5.01615
-5.08791
-4.92278
-4.92747
-4.8352
-4.89783
-4.8577
-4.97897
-4.9464
-4.96236
-4.89921
-4.91297
-4.94614
-5.0341
-4.92077
-4.96642
-4.83139
-4.8591
-5.06363
-5.15763
-5.05794
-5.09229
-4.92598
-4.9587
-4.97727
-4.95292
-4.97468
-4.94226
-4.92892
-4.94589
-4.90963
-4.89913
-4.91353
-4.94129
-5.06908
-4.97452
-4.99005
-4.9658
-4.95418
-4.94091
-4.82911
-4.86825
-5.02703
-5.06617
-5.06863
-5.01018
-4.98698
-4.94655
-5.00496
-4.98956
-4.94627
-4.86108
-4.91522
-4.97903
-4.99
-5.01549
-5.02223
-5.07514
-5.07556
-4.99759
-5.07282
-5.16289
-5.12703
-5.00244
-4.98332
-5.04984
-4.98913
-4.90006
-5.0077
-4.92192
-4.89384
-4.8922
-4.88844
-4.96536
-5.04496
-5.0174
-5.0251
-5.04571
-5.03232
-5.11856
-5.12948
-5.03535
-4.94703
-4.98646
-5.08378
-5.08597
-5.09006
-5.11951
-5.11575
-5.08361
-5.03789
-5.03508
-5.07127
-5.00191
-5.01923
-5.03906
-5.04167
-5.00086
-4.95774
-4.95817
-5.10094
-5.10783
-5.09563
-5.079
-5.13568
-5.09828
-5.07162
-4.88918
-4.94041
-5.01372
-5.06542
-5.06484
-5.03106
-4.98773
-4.9836
-5.07886
-5.1604
-5.18536
-5.1337
-5.02788
-5.05518
-4.98995
-4.96951
-5.06352
-5.04442
-5.00028
-5.03449
-4.99122
-5.0762
-5.07998
-4.98714
-4.96716
-4.87615
-5.0075
-5.01028
-4.97491
-4.87938
-4.96599
-4.98038
-4.98252
-4.96115
-4.93835
-4.94153
-4.87792
-4.8715
-4.92096
-4.97971
-4.95372
-4.96138
-4.93693
-4.97695
-5.04518
-4.99258
-4.9805
-4.94849
-4.9511
-4.89218
-4.8776
-4.82744
-4.79209
-4.92862
-5.00213
-4.93076
-4.82362
-4.92771
-4.98688
-4.99465
-4.99108
-4.94115
-4.98605
-4.94277
-4.93105
-4.9438
-4.95072
-5.07857
-5.09082
-5.01408
-5.11525
-5.02339
-5.12097
-5.16637
-5.06021
-5.04198
-5.08895
-5.07821
-5.06344
-5.0894
-5.11263
-5.15108
-5.08644
-5.04609
-5.01899
-5.05461
-5.11218
-5.07067
-4.92658
-4.95821
-5.05074
-5.01044
-5.0426
-4.97265
-4.96743
-4.93322
-5.01176
-5.13486
-5.04908
-5.04313
-4.98285
-4.95863
-5.0074
-5.05935
-5.07858
-5.10236
-5.11427
-5.08031
-5.11984
-5.1013
-5.02598
-5.00212
-5.02458
-4.9728
-4.93164
-4.96128
-4.87299
-4.93864
-5.0044
-4.83614
-4.86369
-4.95226
-4.96209
-4.93654
-4.98129
-4.91931
-4.85846
-4.90417
-4.89055
-4.80013
-4.86867
-4.80362
-4.78758
-4.79261
-4.87409
-4.9457
-4.97226
-5.00949
-5.02163
-5.04477
-5.06012
-5.04014
-4.97463
-5.00608
-5.09498
-5.06476
-4.97061
-4.9624
-4.9832
-4.91859
-4.88126
-4.84517
-4.91683
-4.92564
-4.80902
-4.80801
-4.82977
-4.94301
-5.00829
-5.00408
-4.96559
-4.95277
-4.90419
-5.02271
-5.01512
-5.02135
-5.01022
-5.05136
-5.04492
-5.07456
-5.04634
-4.97402
-4.8779
-4.88717
-4.97181
-4.9702
-4.89017
-4.90332
-4.95506
-5.0807
-5.05377
-5.00339
-5.06796
-5.10605
-5.10823
-5.03115
-4.98552
-4.94651
-4.91687
-4.97225
-4.99669
-5.00332
-4.81047
-4.79734
-4.89577
-4.98309
-4.93079
-4.98993
-5.04763
-4.9515
-5.06248
-5.01002
-5.05556
-5.09389
-5.07824
-5.04499
-5.06299
-5.08091
-5.11083
-5.113
-4.96017
-4.90407
-4.94295
-5.04871
-5.06113
-4.98646
-4.9995
-4.99402
-5.07568
-5.05746
-5.12084
-5.17164
-5.17127
-5.13002
-5.16517
-5.09782
-5.05527
-5.0835
-5.10159
-5.06919
-5.06593
-5.04771
-5.07786
-5.01706
-5.10493
-4.99452
-4.97136
-4.91412
-4.94887
-4.85072
-4.84033
-4.95088
-4.90855
-4.96017
-5.00345
-5.02421
-5.06775
-4.97941
-5.06097
-5.14942
-5.1913
-5.22138
-5.24296
-5.1976
-5.2366
-5.15574
-5.07002
-5.0423
-5.0606
-5.07711
-5.14757
-5.12753
-5.13916
-5.11359
-5.08635
-5.04552
-5.08488
-5.11015
-5.14879
-5.11115
-5.25674
-5.20812
-5.12588
-5.12599
-5.15959
-5.07865
-5.09539
-4.89721
-4.96031
-5.08152
-5.20306
-5.17941
-5.15143
-5.12238
-5.14783
-5.10358
-5.11645
-5.12151
-5.04891
-5.05693
-5.12077
-5.13013
-5.01585
-5.01659
-4.96051
-4.99109
-4.97037
-5.01156
-5.04155
-5.00359
-4.95416
-5.0547
-5.11001
-5.01597
-4.99712
-5.02995
-5.07592
-5.11048
-5.1237
-5.05493
-5.02085
-5.07843
-5.10185
-5.05221
-5.0846
-5.16211
-5.21548
-5.20953
-5.26329
-5.29064
-5.14566
-5.19125
-5.20677
-5.1823
-5.18917
-5.19956
-5.06239
-5.04937
-5.13335
-5.0863
-5.07502
-5.11271
-5.1801
-5.18929
-5.19254
-5.16829
-5.12931
-5.15606
-5.14022
-5.19128
-5.14039
-5.08462
-4.9783
-4.94659
-4.95305
-4.99564
-5.11132
-5.21613
-5.19435
-5.13358
-5.1687
-5.13983
-5.12529
-5.1401
-5.08774
-5.00548
-4.94044
-5.09725
-5.1307
-5.16858
-5.18544
-5.10276
-5.1826
-5.23533
-5.24224
-5.18307
-5.11003
-5.16197
-5.09366
-5.07343
-5.031
-5.00775
-4.99322
-5.05312
-5.10939
-5.14901
-5.14391
-5.1683
-5.23622
-5.13338
-5.19706
-5.15702
-5.20163
-5.36432
-5.2701
-5.17677
-5.08858
-5.1415
-5.25889
-5.32047
-5.25232
-5.1949
-5.20659
-5.10957
-5.02635
-4.98947
-4.97193
-5.10342
-5.10184
-5.09161
-5.07461
-5.06785
-4.9805
-4.8955
-4.95402
-5.02002
-5.09911
-5.09821
-5.11661
-5.19431
-5.2303
-5.16399
-5.16783
-5.12057
-5.16532
-5.13119
-5.13527
-5.02337
-5.0616
-5.09752
-5.13733
-5.05424
-5.02397
-5.00479
-5.009
-4.98168
-5.01106
-4.96215
-5.004
-5.11505
-5.01115
-4.97778
-5.05167
-5.16885
-5.10371
-5.00739
-4.96539
-5.01012
-5.01141
-4.97479
-5.01746
-5.01602
-5.09166
-5.18842
-5.1575
-5.21051
-5.13487
-5.17402
-5.16951
-5.14003
-5.02748
-5.07969
-5.09811
-5.08064
-5.06733
-5.04041
-5.00089
-5.08582
-5.19002
-5.13198
-5.1117
-5.07162
-5.06064
-5.12284
-5.16974
-5.21176
-5.16859
-5.10029
-5.19091
-5.16329
-5.20885
-5.04803
-5.00611
-5.00763
-4.99311
-5.03683
-5.14744
-5.1804
-5.19568
-5.27874
-5.2242
-5.29731
-5.20861
-5.16999
-5.14394
-5.14777
-5.153
-5.13795
-5.08845
-5.05577
-5.17891
-5.2465
-5.25369
-5.18116
-5.20907
-5.12418
-5.04547
-5.03422
-5.0088
-5.02527
-4.97644
-5.02499
-5.15673
-5.14439
-5.14509
-5.04972
-5.0021
-5.00632
-5.02278
-4.97228
-4.97561
-5.0862
-5.00182
-5.10345
-5.07079
-5.06346
-5.13467
-5.10682
-5.09444
-5.1202
-5.03829
-4.95925
-4.96961
-4.9612
-5.01423
-4.90896
-4.89479
-4.86297
-4.95298
-4.98488
-5.01818
-4.9671
-4.97015
-4.99681
-5.03331
-5.09127
-5.04873
-5.10609
-4.94951
-4.93555
-4.96183
-4.89587
-4.92098
-4.77026
-4.76309
-4.7827
-4.88313
-4.88002
-4.85837
-4.94424
-4.90035
-4.81424
-4.88774
-4.90392
-5.01005
-5.09121
-5.08414
-4.94367
-4.9771
-4.90712
-4.82625
-4.89414
-4.76468
-4.7307
-4.87108
-4.90712
-5.02351
-5.07223
-5.03594
-4.99487
-5.04798
-5.03739
-5.10594
-5.17158
-5.18557
-5.11786
-5.12714
-5.06332
-5.0466
-5.12709
-5.24402
-5.11436
-5.07454
-5.00756
-5.0153
-5.0734
-5.05557
-4.96328
-4.91618
-4.85787
-4.96086
-5.06429
-5.04011
-4.95291
-4.95989
-4.96828
-4.93556
-4.98666
-5.03004
-5.03075
-5.0649
-5.06905
-5.14874
-5.01491
-5.04028
-5.06366
-5.02428
-4.96273
-4.9516
-4.97969
-5.00664
-5.04224
-4.97907
-4.95744
-5.07326
-5.13973
-5.08695
-5.02164
-5.04106
-5.05587
-5.04691
-5.00246
-5.0338
-5.10727
-5.00096
-5.02048
-4.95611
-4.95537
-4.88874
-5.01424
-4.94815
-4.9965
-5.06519
-5.09149
-5.17425
-5.24032
-5.18458
-5.20615
-5.1775
-5.17398
-5.16216
-5.12172
-5.13142
-5.08042
-5.16949
-5.17359
-5.2
-5.29106
-5.25265
-5.27703
-5.30475
-5.28723
-5.24129
-5.25038
-5.18828
-5.25943
-5.22459
-5.23823
-5.14964
-5.0871
-5.14521
-5.17357
-5.21803
-5.28299
-5.2669
-5.18989
-5.16769
-5.12573
-5.1454
-5.14157
-5.06693
-5.0756
-5.00748
-4.94607
-5.05742
-5.19522
-5.19746
-5.11665
-5.15128
-5.24145
-5.17189
-5.18463
-5.0309
-5.14109
-5.22359
-5.23539
-5.1742
-5.13162
-5.18663
-5.12098
-5.12526
-5.10307
-5.08712
-5.13743
-5.00926
-4.95394
-5.02141
-4.90899
-4.98202
-5.00132
-4.95818
-4.89208
-4.88507
-4.95886
-5.10346
-5.07993
-5.05235
-4.99178
-4.99451
-4.88506
-4.9324
-4.79116
-4.92914
-4.96895
-5.06544
-5.09998
-5.15562
-5.14354
-5.09623
-5.13788
-5.06148
-5.04987
-5.00783
-5.06849
-5.07379
-5.09025
-5.0254
-5.09606
-5.02103
-5.11437
-5.12474
-5.13333
-5.16062
-5.18095
-5.11536
-5.11244
