-5.52149
-5.49372
-5.56009
-5.48499
-5.54257
-5.54284
-5.5645
-5.58736
-5.5494
-5.57435
-5.57156
-5.57792
-5.47504
-5.53515
-5.58358
-5.55781
-5.51426
-5.53885
-5.5236
-5.49271
-5.54651
-5.62495
-5.55416
-5.53458
-5.49811
-5.5791
-5.48901
-5.53059
-5.4149
-5.48369
-5.45911
-5.45651
-5.47353
-5.48672
-5.58322
-5.55264
-5.5596
-5.50766
-5.61011
-5.55227
-5.50477
-5.54172
-5.47034
-5.35747
-5.45655
-5.50703
-5.53668
-5.49926
-5.4356
-5.44514
-5.53507
-5.63355
-5.56153
-5.47849
-5.54723
-5.50214
-5.53527
-5.4565
-5.438
-5.49139
-5.38347
-5.44985
-5.50085
-5.4959
-5.51756
-5.48683
-5.56477
-5.60798
-5.62657
-5.60765
-5.61906
-5.62517
-5.67247
-5.61415
-5.61503
-5.61234
-5.55586
-5.58242
-5.56006
-5.51473
-5.41229
-5.54137
-5.53112
-5.46021
-5.4236
-5.40365
-5.44591
-5.39758
-5.4557
-5.45387
-5.44583
-5.46093
-5.54161
-5.47092
-5.45102
-5.41672
-5.37974
-5.42073
-5.35705
-5.32885
-5.3494
-5.37962
-5.31742
-5.433
-5.34309
-5.47298
-5.51724
-5.51468
-5.45439
-5.41122
-5.40254
-5.39091
-5.46001
-5.41739
-5.47838
-5.43076
-5.39149
-5.43356
-5.3795
-5.34627
-5.44893
-5.27155
-5.26732
-5.38658
-5.3675
-5.46305
-5.47085
-5.53008
-5.55773
-5.59222
-5.63537
-5.60274
-5.53697
-5.51893
-5.53826
-5.50773
-5.72375
-5.68171
-5.59426
-5.59545
-5.49482
-5.47401
-5.44412
-5.37987
-5.41721
-5.4371
-5.36576
-5.43363
-5.47524
-5.52341
-5.59098
-5.55269
-5.55773
-5.45858
-5.42887
-5.38882
-5.46214
-5.50302
-5.59434
-5.5611
-5.45589
-5.3681
-5.40922
-5.36566
-5.44071
-5.3981
-5.4076
-5.46085
-5.42305
-5.37616
-5.30823
-5.32698
-5.33231
-5.31718
-5.38566
-5.46169
-5.50698
-5.57636
-5.52389
-5.54076
-5.48022
-5.58897
-5.55995
-5.5934
-5.56637
-5.53734
-5.49022
-5.49806
-5.5819
-5.52557
-5.53447
-5.54704
-5.4572
-5.50924
-5.32286
-5.27237
-5.39879
-5.37394
-5.37521
-5.49012
-5.51326
-5.54087
-5.5231
-5.58233
-5.56876
-5.479
-5.51266
-5.40364
-5.44325
-5.51175
-5.52404
-5.38988
-5.44658
-5.45966
-5.39349
-5.37111
-5.38342
-5.23959
-5.17843
-5.26583
-5.27937
-5.44371
-5.44087
-5.46865
-5.4623
-5.4052
-5.40096
-5.5115
-5.57285
-5.51495
-5.53031
-5.57825
-5.57743
-5.57053
-5.51919
-5.46931
-5.48971
-5.45213
-5.42869
-5.49097
-5.46284
-5.41507
-5.38423
-5.41906
-5.48872
-5.48161
-5.34646
-5.38557
-5.4863
-5.55539
-5.40579
-5.48924
-5.4779
-5.50035
-5.49527
-5.47651
-5.49479
-5.44738
-5.38621
-5.52775
-5.52822
-5.52282
-5.46242
-5.53135
-5.46983
-5.48845
-5.55812
-5.60274
-5.55794
-5.47689
-5.5671
-5.57907
-5.54392
-5.5477
-5.50863
-5.54249
-5.56411
-5.62217
-5.62361
-5.60322
-5.56955
-5.58787
-5.55091
-5.57721
-5.54576
-5.53394
-5.50152
-5.5896
-5.63865
-5.6934
-5.66479
-5.64563
-5.54842
-5.56005
-5.48224
-5.42741
-5.53286
-5.56206
-5.49387
-5.55651
-5.6463
-5.5673
-5.4647
-5.5011
-5.47441
-5.44512
-5.49562
-5.50184
-5.47556
-5.52258
-5.52217
-5.55526
-5.63508
-5.55618
-5.56799
-5.61999
-5.4908
-5.49016
-5.49613
-5.42543
-5.44964
-5.61638
-5.62104
-5.64382
-5.6279
-5.64172
-5.56999
-5.58249
-5.57287
-5.50454
-5.54118
-5.52295
-5.55023
-5.53711
-5.53623
-5.51938
-5.46926
-5.55097
-5.59584
-5.62059
-5.61796
-5.58732
-5.6173
-5.51451
-5.50216
-5.56008
-5.45723
-5.45885
-5.44522
-5.47729
-5.60707
-5.54665
-5.37693
-5.482
-5.53396
-5.5458
-5.5576
-5.49696
-5.52218
-5.56852
-5.54032
-5.55464
-5.44883
-5.4732
-5.47268
-5.44732
-5.42616
-5.48315
-5.39845
-5.46178
-5.52226
-5.5745
-5.48375
-5.60873
-5.46059
-5.43748
-5.44411
-5.41017
-5.48901
-5.54177
-5.51295
-5.45858
-5.46886
-5.41909
-5.31475
-5.37136
-5.43664
-5.45415
-5.36699
-5.34328
-5.44012
-5.48791
-5.55714
-5.56716
-5.4954
-5.46454
-5.43097
-5.45961
-5.4407
-5.48224
-5.4203
-5.41065
-5.40966
-5.38728
-5.4827
-5.46337
-5.50957
-5.50645
-5.42891
-5.42602
-5.37362
-5.44015
-5.48316
-5.45537
-5.47896
-5.5449
-5.47338
-5.55445
-5.50933
-5.49393
-5.42402
-5.4712
-5.53726
-5.53209
-5.44271
-5.43166
-5.45955
-5.49457
-5.43531
-5.48066
-5.47773
-5.5753
-5.55371
-5.54157
-5.5481
-5.46171
-5.53504
-5.51019
-5.50674
-5.41521
-5.37521
-5.41577
-5.47615
-5.43753
-5.44183
-5.41415
-5.42684
-5.38265
-5.36524
-5.36759
-5.3956
-5.50213
-5.49106
-5.46937
-5.46931
-5.56229
-5.57735
-5.55693
-5.49197
-5.43566
-5.53731
-5.57969
-5.43465
-5.42785
-5.35118
-5.34208
-5.38942
-5.31683
-5.24297
-5.29173
-5.30283
-5.27836
-5.32116
-5.41955
-5.42754
-5.4984
-5.51447
-5.54994
-5.53889
-5.51234
-5.49024
-5.45801
-5.42038
-5.45848
-5.55984
-5.43524
-5.46007
-5.39646
-5.25551
-5.29241
-5.39432
-5.44821
-5.34218
-5.35429
-5.39283
-5.43204
-5.48792
-5.39276
-5.38472
-5.35701
-5.46815
-5.49587
-5.39461
-5.32185
-5.32254
-5.32723
-5.36903
-5.41998
-5.41013
-5.41852
-5.43349
-5.37061
-5.38803
-5.45121
-5.38877
-5.40436
-5.43563
-5.4294
-5.44255
-5.54464
-5.52277
-5.57578
-5.57468
-5.51105
-5.56745
-5.58543
-5.6012
-5.48939
-5.4646
-5.42886
-5.42946
-5.38178
-5.45722
-5.47709
-5.45645
-5.55926
-5.51687
-5.4912
-5.49168
-5.45073
-5.41238
-5.40353
-5.26866
-5.35656
-5.32869
-5.35477
-5.41304
-5.39193
-5.44148
-5.4849
-5.40482
-5.40153
-5.42467
-5.36943
-5.3844
-5.45991
-5.32066
-5.33264
-5.46771
-5.49847
-5.55563
-5.51929
-5.47194
-5.52602
-5.50054
-5.39871
-5.46438
-5.41712
-5.4388
-5.50298
-5.4851
-5.40671
-5.45162
-5.51749
-5.47283
-5.46308
-5.4675
-5.42007
-5.36786
-5.30355
-5.35885
-5.44783
-5.33291
-5.36732
-5.31709
-5.34488
-5.40709
-5.41227
-5.29683
-5.32767
-5.38764
-5.44944
-5.50701
-5.4537
-5.4409
-5.43009
-5.43241
-5.35702
-5.42398
-5.35558
-5.48303
-5.48231
-5.48791
-5.4872
-5.58007
-5.42694
-5.36082
-5.47494
-5.34227
-5.38151
-5.34719
-5.34288
-5.33796
-5.30822
-5.3189
-5.33163
-5.24398
-5.16764
-5.23428
-5.15653
-5.21541
-5.27066
-5.39071
-5.5116
-5.4914
-5.53324
-5.47663
-5.41646
-5.37326
-5.43781
-5.3971
-5.39222
-5.4337
-5.37438
-5.34619
-5.49915
-5.56129
-5.5275
-5.52624
-5.44987
-5.41372
-5.31358
-5.33097
-5.43154
-5.39489
-5.36311
-5.32672
-5.38157
-5.43741
-5.38927
-5.40944
-5.33657
-5.36073
-5.3656
-5.45684
-5.45985
-5.40144
-5.41307
-5.48393
-5.41085
-5.35284
-5.39202
-5.39241
-5.31538
-5.37574
-5.33626
-5.35261
-5.381
-5.36785
-5.31717
-5.29604
-5.2549
-5.27865
-5.39303
-5.44551
-5.41355
-5.35662
-5.34873
-5.38571
-5.19838
-5.25386
-5.36204
-5.27254
-5.18676
-5.1832
-5.23617
-5.3131
-5.37337
-5.34017
-5.32216
-5.37738
-5.3914
-5.41042
-5.41826
-5.30713
-5.34042
-5.42017
-5.40986
-5.46046
-5.32974
-5.3203
-5.42085
-5.45863
-5.52724
-5.53254
-5.49827
-5.50846
-5.48129
-5.44711
-5.38754
-5.43757
-5.42143
-5.35237
-5.402
-5.39696
-5.31309
-5.36508
-5.28967
-5.29135
-5.36806
-5.36507
-5.38333
-5.38095
-5.45737
-5.44506
-5.48877
-5.48028
-5.47918
-5.56834
-5.48062
-5.53949
-5.54447
-5.49711
-5.48788
-5.57527
-5.45501
-5.48555
-5.46984
-5.54075
-5.55826
-5.58949
-5.56752
-5.58626
-5.5335
-5.46864
-5.52468
-5.51733
-5.56186
-5.45338
-5.51307
-5.57006
-5.57751
-5.64476
-5.62678
-5.62478
-5.68603
-5.56982
-5.58761
-5.55183
-5.48506
-5.56681
-5.59163
-5.57378
-5.57658
-5.59685
-5.63269
-5.6335
-5.59986
-5.57441
-5.50153
-5.4567
-5.53816
-5.54322
-5.5133
-5.59418
-5.58372
-5.53018
-5.49061
-5.50097
-5.52455
-5.40345
-5.3455
-5.47616
-5.5038
-5.50455
-5.44801
-5.38828
-5.45628
-5.4494
-5.51099
-5.5743
-5.58543
-5.50344
-5.56774
-5.49167
-5.49884
-5.44372
-5.37718
-5.32563
-5.40809
-5.40555
-5.3806
-5.35864
-5.25527
-5.22975
-5.27455
-5.21589
-5.37729
-5.36844
-5.29637
-5.44368
-5.43648
-5.35855
-5.40138
-5.42809
-5.3494
-5.40366
-5.29364
-5.38733
-5.41666
-5.389
-5.39127
-5.32838
-5.25528
-5.26876
-5.24018
-5.32813
-5.38587
-5.42431
-5.52952
-5.5312
-5.50054
-5.43388
-5.4733
-5.48743
-5.50919
-5.60257
-5.50739
-5.53902
-5.46903
-5.42014
-5.37407
-5.47731
-5.45327
-5.38756
-5.27549
-5.27679
-5.26364
-5.35687
-5.14659
-5.24852
-5.21568
-5.26691
-5.20724
-5.38195
-5.51295
-5.48986
-5.42327
-5.45919
-5.46605
-5.50258
-5.4078
-5.37732
-5.33614
-5.34735
-5.37808
-5.40899
-5.45419
-5.45283
-5.41432
-5.42256
-5.43121
-5.36774
-5.34815
-5.50275
-5.44249
-5.49049
-5.57079
-5.53487
-5.55015
-5.56693
-5.47406
-5.52397
-5.4155
-5.48371
-5.43749
-5.52903
-5.44498
-5.46546
-5.42682
-5.40798
-5.52493
-5.50327
-5.52229
-5.55051
-5.45728
-5.4468
-5.41068
-5.39936
-5.403
-5.47339
-5.37639
-5.48713
-5.50499
-5.41921
-5.47465
-5.40359
-5.43658
-5.50965
-5.57303
-5.58808
-5.61159
-5.52702
-5.51685
-5.51922
-5.53344
-5.58396
-5.52911
-5.45225
-5.43677
-5.43229
-5.46193
-5.46985
-5.43023
-5.40703
-5.41844
-5.44182
-5.37342
-5.42256
-5.39725
-5.31334
-5.37549
-5.40583
-5.50359
-5.54932
-5.62654
-5.51811
-5.46802
-5.39806
-5.46969
-5.50589
-5.49521
-5.51078
-5.47259
-5.41402
-5.4171
-5.40125
-5.50216
-5.5717
-5.51571
-5.5617
-5.56444
-5.5185
-5.54622
-5.46633
-5.46772
-5.54015
-5.53442
-5.53688
-5.3961
-5.3956
-5.39465
-5.3464
-5.482
-5.42786
-5.5276
-5.37088
-5.43426
-5.36897
-5.34613
-5.39593
-5.43974
-5.42721
-5.48079
-5.52589
-5.45796
-5.51583
-5.49539
-5.48237
-5.50482
-5.52914
-5.45061
-5.46955
-5.46441
-5.41228
-5.45407
-5.48935
-5.46212
-5.46364
-5.32673
-5.47384
-5.42112
-5.52754
-5.55569
-5.50919
-5.42277
-5.50053
-5.39088
-5.36089
-5.3153
