Temp            mu         sigma        energy           err
0.1      0.605662      0.717479     -0.331816    0.00124058
0.0995      0.605662      0.717479     -0.328952    0.00121892
0.099      0.605662      0.717479     -0.330603    0.00131273
0.0985      0.629263      0.729719     -0.343783    0.00134209
0.098      0.658069      0.844808     -0.288498    0.00266561
0.0975      0.658069      0.844808     -0.289888    0.00284424
0.097      0.622823      0.817006     -0.306771    0.00218875
0.0965      0.670043      0.707875     -0.373547    0.00122972
0.096      0.636399      0.744134     -0.347859     0.0013661
0.0955      0.636399      0.744134     -0.340657    0.00152717
0.095      0.576451      0.703329     -0.308635     0.0012801
0.0945      0.695175      0.721417     -0.378346    0.00147143
0.094      0.695175      0.721417     -0.377867    0.00133892
0.0935      0.695175      0.721417     -0.376123    0.00148716
0.093      0.615648      0.680151     -0.340904    0.00102891
0.0925      0.498862      0.576172     -0.153736    0.00159347
0.092      0.410101      0.664348     -0.114738    0.00178571
0.0915      0.410101      0.664348     -0.112669    0.00146814
0.091      0.411012      0.672519     -0.125183    0.00173511
0.0905      0.463109      0.616917     -0.135561    0.00152014
0.09      0.548883      0.711247     -0.289844    0.00113794
0.0895      0.545297      0.623591     -0.253934    0.00125764
0.089      0.645263      0.517213     -0.292892    0.00164404
0.0885      0.696474      0.529993     -0.349467    0.00142766
0.088      0.815161      0.570805     -0.424871   0.000981667
0.0875      0.704901      0.542964      -0.36933     0.0012686
0.087      0.704901      0.542964     -0.371372    0.00116436
0.0865      0.704901      0.542964     -0.371084    0.00125368
0.086      0.733437      0.524073     -0.352289    0.00176465
0.0855      0.794382      0.635837     -0.441675    0.00100408
0.085      0.794382      0.635837      -0.44242   0.000945513
0.0845      0.794382      0.635837     -0.442068   0.000890808
0.084      0.794382      0.635837     -0.442075    0.00101094
0.0835      0.738713      0.594098     -0.427269   0.000847897
0.083      0.672056      0.573248     -0.374393    0.00095269
0.0825      0.753058      0.665338     -0.424585   0.000985262
0.082       0.69657      0.779099     -0.338592     0.0022804
0.0815      0.780546      0.675848     -0.421298    0.00124374
0.081      0.794124      0.559473     -0.415925    0.00127716
0.0805      0.799127      0.553026     -0.407366    0.00108545
0.08      0.799127      0.553026     -0.406757     0.0011762
0.0795      0.799127      0.553026     -0.407081    0.00116348
0.079      0.854704       0.53336     -0.358548    0.00132762
0.0785      0.816288      0.633211     -0.441225    0.00100006
0.078      0.702491       0.65235     -0.408911   0.000793007
0.0775      0.702491       0.65235     -0.408192   0.000904845
0.077      0.658203      0.643029     -0.377643    0.00083525
0.0765      0.594623      0.597899     -0.303704    0.00117558
0.076      0.594623      0.597899     -0.302954    0.00106152
0.0755      0.713393      0.496267     -0.282365    0.00200701
0.075      0.765992      0.558025     -0.412077     0.0011255
0.0745      0.765992      0.558025     -0.411839   0.000935247
0.074      0.765992      0.558025     -0.411048     0.0010085
0.0735      0.765992      0.558025     -0.410992   0.000882145
0.073      0.809774      0.626412     -0.443838   0.000762758
0.0725      0.862844      0.559801     -0.398388    0.00129548
0.072      0.774537      0.636645     -0.439165   0.000805886
0.0715      0.774537      0.636645     -0.440093   0.000880458
0.071      0.774537      0.636645      -0.44077   0.000772954
0.0705      0.774537      0.636645     -0.438761   0.000903927
0.07      0.801064      0.623724     -0.443438   0.000834545
0.0695      0.772574      0.718446     -0.389706    0.00162365
0.069      0.894001      0.709036     -0.340163     0.0024039
0.0685      0.894001      0.709036     -0.338197    0.00233321
0.068       0.87566      0.708471     -0.354705    0.00224267
0.0675       0.87566      0.708471     -0.355537    0.00233431
0.067      0.907512      0.598995       -0.3946    0.00109568
0.0665      0.829314      0.705636     -0.388925     0.0018234
0.066      0.829314      0.705636     -0.388835    0.00207537
0.0655      0.829314      0.705636     -0.384636    0.00208639
0.065      0.889784      0.585082     -0.404209   0.000983968
0.0645      0.932936      0.558825     -0.344559    0.00119221
0.064      0.863125      0.596089     -0.426202   0.000949387
0.0635      0.771201      0.664663     -0.430484   0.000940561
0.063      0.771201      0.664663     -0.426806    0.00109383
0.0625      0.771201      0.664663     -0.429543    0.00101411
0.062      0.724537      0.597215     -0.420147   0.000778453
0.0615      0.703153      0.543732      -0.37197     0.0011903
0.061      0.681089      0.651757     -0.394655    0.00103452
0.0605      0.681089      0.651757     -0.394493   0.000895871
0.06      0.681089      0.651757     -0.394649   0.000896029
0.0595       0.75764      0.550186     -0.401123    0.00119579
0.059       0.75764      0.550186     -0.401295    0.00130626
0.0585       0.75764      0.550186        -0.399    0.00118592
0.058      0.781496      0.647014     -0.437536   0.000909326
0.0575      0.781496      0.647014     -0.435965   0.000955605
0.057      0.676687      0.705479     -0.376761     0.0012442
0.0565      0.670152      0.602294     -0.384156   0.000861918
0.056      0.720151      0.501643     -0.299963    0.00153423
0.0555      0.623052      0.562068     -0.318522    0.00110562
0.055      0.603538      0.584956     -0.309424    0.00102395
0.0545      0.603538      0.584956     -0.310037    0.00106702
0.054      0.687349      0.594479     -0.395691   0.000758588
0.0535      0.661159      0.549723     -0.344863     0.0012644
0.053       0.65789      0.542727     -0.338314    0.00135809
0.0525       0.65789      0.542727     -0.337173    0.00121458
0.052       0.65789      0.542727      -0.33766    0.00117027
0.0515      0.658573      0.635791     -0.378623   0.000787135
0.051      0.658573      0.635791      -0.38004   0.000854466
0.0505      0.658573      0.635791      -0.37875   0.000805995
0.05      0.658573      0.635791     -0.380942   0.000814367
0.0495      0.586157      0.712626     -0.315893    0.00128038
0.049      0.625552      0.686057     -0.350486    0.00104832
0.0485      0.648578      0.603995     -0.365718   0.000876801
0.048      0.648578      0.603995     -0.365005   0.000938807
0.0475      0.648578      0.603995     -0.365707   0.000954747
0.047      0.648578      0.603995     -0.366063   0.000755591
0.0465      0.677985      0.515324      -0.31507    0.00162795
0.046      0.677985      0.515324     -0.313196    0.00163671
0.0455      0.677985      0.515324     -0.311392    0.00174164
0.045      0.598979      0.531313     -0.264792    0.00148168
0.0445      0.614196      0.519947     -0.269908    0.00148211
0.044      0.614196      0.519947     -0.266728    0.00147161
0.0435      0.652391      0.614252     -0.369198   0.000894238
0.043      0.720027      0.571096      -0.40448   0.000883542
0.0425      0.720027      0.571096     -0.405988   0.000893775
0.042      0.805113      0.625067     -0.445187   0.000721758
0.0415      0.808943      0.580439     -0.433289   0.000868286
0.041      0.808943      0.580439     -0.433074   0.000876104
0.0405      0.808943      0.580439     -0.432744   0.000903486
0.04      0.687147      0.622333     -0.402115   0.000712625
0.0395      0.691287      0.583614     -0.394922   0.000906316
0.039       0.73102      0.645177     -0.424062   0.000809376
0.0385      0.832986      0.658538     -0.425899     0.0012568
0.038      0.785736      0.662894     -0.429116    0.00121325
0.0375      0.859138      0.676991      -0.40306      0.001543
0.037      0.859138      0.676991     -0.401194    0.00161028
0.0365      0.801279      0.560544     -0.413482    0.00108095
0.036      0.798426      0.684179     -0.415982    0.00132052
0.0355      0.798426      0.684179     -0.415431    0.00124192
0.035      0.798426      0.684179     -0.415711    0.00137018
0.0345      0.715682      0.614095     -0.418675   0.000755242
0.034      0.762053      0.664616     -0.425909   0.000916805
0.0335      0.762053      0.664616     -0.426843    0.00112988
0.033      0.847055      0.611645     -0.436403   0.000883208
0.0325      0.847055      0.611645     -0.435394   0.000992177
0.032      0.868685      0.684998     -0.384051    0.00178217
0.0315      0.868685      0.684998     -0.388045    0.00189813
0.031      0.868685      0.684998     -0.383519    0.00166131
0.0305       0.74786      0.574236     -0.421912   0.000916591
0.03       0.74786      0.574236      -0.42306   0.000945789
0.0295       0.74786      0.574236     -0.421793    0.00091245
0.029       0.74786      0.574236     -0.420546   0.000872059
0.0285       0.74786      0.574236     -0.421659    0.00106236
0.028       0.74786      0.574236     -0.420716   0.000873952
0.0275       0.74786      0.574236     -0.419649   0.000999672
0.027      0.800292      0.554043     -0.409441    0.00120683
0.0265      0.800292      0.554043     -0.409119    0.00114436
0.026      0.845924      0.630184     -0.435414   0.000859035
0.0255      0.845924      0.630184     -0.433599    0.00109357
0.025      0.845924      0.630184     -0.432552    0.00104277
0.0245      0.845924      0.630184     -0.433591      0.001113
0.024      0.845924      0.630184     -0.434227    0.00100144
0.0235      0.845924      0.630184     -0.435109   0.000916386
0.023      0.845924      0.630184     -0.432581     0.0011234
0.0225      0.845924      0.630184     -0.432636    0.00109456
0.022      0.845786       0.68883     -0.395975    0.00186621
0.0215      0.845019      0.576632      -0.42109   0.000988091
0.021      0.845019      0.576632     -0.422299   0.000888287
0.0205      0.845019      0.576632     -0.423579    0.00111198
0.02      0.808201      0.677322     -0.419005    0.00131808
0.0195      0.808201      0.677322     -0.420783     0.0013393
0.019      0.808201      0.677322     -0.421538    0.00122554
0.0185      0.808201      0.677322     -0.421396    0.00132663
0.018      0.808201      0.677322     -0.418333    0.00152319
0.0175      0.808201      0.677322     -0.418802    0.00145038
0.017      0.841803      0.680599     -0.407723    0.00165855
0.0165      0.830269      0.674524     -0.415064    0.00155487
0.016      0.830269      0.674524     -0.417302    0.00131352
0.0155      0.830269      0.674524     -0.416409    0.00152327
0.015      0.757196      0.673512     -0.423143    0.00122625
0.0145      0.757196      0.673512     -0.420026    0.00114953
0.014      0.798697      0.647886     -0.436773    0.00110185
0.0135      0.798697      0.647886      -0.43467    0.00111002
0.013      0.798697      0.647886     -0.435872    0.00108139
0.0125      0.798697      0.647886     -0.436475    0.00106116
0.012      0.748002      0.626735     -0.433732   0.000749974
0.0115      0.748002      0.626735     -0.435698   0.000739995
0.011       0.79679      0.593115     -0.440178   0.000823581
0.0105       0.79679      0.593115     -0.440248   0.000772834
0.01       0.79679      0.593115     -0.441159   0.000732298
0.0095       0.79679      0.593115     -0.439652   0.000802418
0.009      0.762162       0.60651     -0.439256   0.000713891
0.0085      0.796071      0.582184     -0.434767   0.000900901
0.008      0.796071      0.582184     -0.436518   0.000936598
0.0075      0.796071      0.582184     -0.434233   0.000901709
0.007      0.839916      0.592555     -0.433367    0.00088911
0.0065      0.839916      0.592555     -0.434494   0.000836112
0.006      0.839916      0.592555     -0.433643   0.000764314
0.0055      0.839916      0.592555      -0.43389   0.000893287
0.005      0.839916      0.592555      -0.43492   0.000843209
0.0045      0.839916      0.592555     -0.434523   0.000956494
0.004      0.839916      0.592555     -0.433909    0.00107085
0.0035      0.839916      0.592555     -0.433718   0.000850133
0.003      0.839916      0.592555     -0.433695   0.000726383
0.0025      0.839916      0.592555     -0.433753   0.000734015
0.002      0.839916      0.592555     -0.433741   0.000886328
0.0015      0.839916      0.592555     -0.433704   0.000916381
0.001      0.839916      0.592555     -0.433212   0.000905903
0.0005      0.839916      0.592555     -0.433802   0.000803865
