             50      -0.973944      -0.974252    0.000155337            0.5
             50      -0.933885      -0.934924    0.000125696            0.6
             50      -0.892396      -0.892174    0.000102231            0.7
             50      -0.848136      -0.848339    0.000102437            0.8
             50      -0.804372      -0.804499    7.50168e-05            0.9
             50      -0.761644      -0.761552    8.19235e-05              1
             50      -0.720855      -0.720664    7.13001e-05            1.1
             50      -0.681659      -0.682300    6.33748e-05            1.2
             50      -0.646472      -0.646446    6.92543e-05            1.3
             50      -0.613499      -0.613374    7.01603e-05            1.4
             50      -0.583236      -0.582796    6.21431e-05            1.5
             50      -0.554918      -0.554598    5.78262e-05            1.6
             50      -0.528893      -0.528660    5.46676e-05            1.7
             50      -0.504564      -0.504673    5.20564e-05            1.8
             50      -0.482022      -0.482562    5.43402e-05            1.9
             50      -0.461898      -0.462128    5.76784e-05              2
