             50       0.882147       0.890289     0.00248353            0.5
             50       0.676708       0.676255     0.00254001            0.6
             50       0.430408       0.443632     0.00175706            0.7
             50        0.29485       0.292127     0.00138199            0.8
             50       0.199931        0.20257    0.000930286            0.9
             50       0.142056        0.14468    0.000670305              1
             50        0.11633       0.111454    0.000492462            1.1
             50       0.083254      0.0881492    0.000524653            1.2
             50      0.0703336      0.0711387    0.000402023            1.3
             50      0.0618104      0.0597487    0.000322734            1.4
             50       0.050464      0.0505737    0.000263733            1.5
             50       0.041031      0.0429985     0.00023041            1.6
             50      0.0356646      0.0384306    0.000225407            1.7
             50      0.0338074      0.0337508     0.00017524            1.8
             50      0.0322854      0.0298125    0.000160306            1.9
             50       0.026909      0.0273576    0.000166662              2
