             50       0.116925      0.0103663      0.0110312            0.5
             50     -0.0082226   -0.000913992     0.00446737            0.6
             50       0.040043     0.00543745     0.00257802            0.7
             50       0.008588    -0.00322074     0.00142893            0.8
             50      0.0013664     1.7092e-05    0.000959074            0.9
             50      0.0165096       0.001919    0.000701346              1
             50     -0.0017288   -0.000249764    0.000526559            1.1
             50        0.00014    0.000392176    0.000354124            1.2
             50       0.004323    0.000283768    0.000355065            1.3
             50     -0.0020664   -0.000315712    0.000346256            1.4
             50      -0.001675    -7.5528e-05    0.000273262            1.5
             50       0.002574      8.646e-05    0.000212143            1.6
             50      0.0003762   -0.000123584    0.000199539            1.7
             50      -0.002099   -0.000288544    0.000193656            1.8
             50      -2.42e-05    0.000119064    0.000181906            1.9
             50      0.0009542     -2.094e-05    0.000171987              2
