-7.62167
-7.47597
-7.3532
-7.31309
-7.27427
-7.1584
-7.08231
-7.03001
-6.96451
-6.90009
-6.88706
-6.89595
-6.83639
-6.77384
-6.71635
-6.73001
-6.64489
-6.61011
-6.65343
-6.66315
-6.62399
-6.62154
-6.66016
-6.7643
-6.71817
-6.60376
-6.66541
-6.65435
-6.5912
-6.52797
-6.61317
-6.65644
-6.74601
-6.75912
-6.74823
-6.74054
-6.63931
-6.65085
-6.62417
-6.51225
-6.50826
-6.41253
-6.48682
-6.56166
-6.55355
-6.54352
-6.6049
-6.69772
-6.68947
-6.6904
-6.72951
-6.72552
-6.7861
-6.79338
-6.72526
-6.67855
-6.65768
-6.77179
-6.76145
-6.80647
-6.83159
-6.75629
-6.7669
-6.72803
-6.7469
-6.66531
-6.62727
-6.61568
-6.62275
-6.57045
-6.51582
-6.49024
-6.59233
-6.52551
-6.53498
-6.55299
-6.58764
-6.5841
-6.62823
-6.53413
-6.58038
-6.51034
-6.51792
-6.63552
-6.61434
-6.74244
-6.70228
-6.70913
-6.61418
-6.62564
-6.64197
-6.65501
-6.58846
-6.58916
-6.52841
-6.48704
-6.55077
-6.49828
-6.52072
-6.48403
-6.47258
-6.50417
-6.53265
-6.54919
-6.65947
-6.69859
-6.67487
-6.63926
-6.65031
-6.68566
-6.72141
-6.7039
-6.72314
-6.68043
-6.63892
-6.70888
-6.69435
-6.6548
-6.68539
-6.68897
-6.71698
-6.7057
-6.81856
-6.80537
-6.70697
-6.7634
-6.80176
-6.74623
-6.68245
-6.59055
-6.58365
-6.5859
-6.53881
-6.51497
-6.46997
-6.58866
-6.66901
-6.73185
-6.71592
-6.72798
-6.74767
-6.78791
-6.65602
-6.67338
-6.64365
-6.67869
-6.66735
-6.63262
-6.63922
-6.58053
-6.48926
-6.44681
-6.36343
-6.45596
-6.47886
-6.57859
-6.5443
-6.61785
-6.62404
-6.62349
-6.64473
-6.60694
-6.63976
-6.68412
-6.73732
-6.70647
-6.64782
-6.64976
-6.606
-6.60359
-6.66347
-6.64004
-6.61862
-6.54626
-6.63403
-6.63638
-6.6669
-6.59412
-6.68653
-6.653
-6.65437
-6.58258
-6.64479
-6.65706
-6.51644
-6.53355
-6.58375
-6.55551
-6.60968
-6.63251
-6.55592
-6.6967
-6.6903
-6.59551
-6.63718
-6.62804
-6.58119
-6.63988
-6.64273
-6.61515
-6.65719
-6.67379
-6.63746
-6.6742
-6.63703
-6.61749
-6.59432
-6.65049
-6.64221
-6.65451
-6.68364
-6.71883
-6.73597
-6.76792
-6.84652
-6.83317
-6.8268
-6.78353
-6.81073
-6.75944
-6.78588
-6.72967
-6.75011
-6.6581
-6.59147
-6.63308
-6.53998
-6.46332
-6.50684
-6.59106
-6.61714
-6.58621
-6.6332
-6.67099
-6.63274
-6.65851
-6.64542
-6.63118
-6.60456
-6.60679
-6.66422
-6.64305
-6.63256
-6.6982
-6.72894
-6.6959
-6.75115
-6.72041
-6.66993
-6.60213
-6.52616
-6.54713
-6.65212
-6.65202
-6.60899
-6.57226
-6.60111
-6.52107
-6.60796
-6.67053
-6.70914
-6.7578
-6.74142
-6.73092
-6.69191
-6.73118
-6.73578
-6.6478
-6.68139
-6.68327
-6.72457
-6.70579
-6.7028
-6.7406
-6.71802
-6.67796
-6.63867
-6.59669
-6.69624
-6.64586
-6.64039
-6.64799
-6.55962
-6.53723
-6.54939
-6.62052
-6.70274
-6.70945
-6.69113
-6.6748
-6.64632
-6.61153
-6.57368
-6.53294
-6.58171
-6.62987
-6.58832
-6.58295
-6.58343
-6.57769
-6.6032
-6.57507
-6.5341
-6.60319
-6.63426
-6.64583
-6.58774
-6.60424
-6.61454
-6.59318
-6.59173
-6.61009
-6.69385
-6.62909
-6.66025
-6.70975
-6.69815
-6.74315
-6.80367
-6.78313
-6.74689
-6.75931
-6.77781
-6.78623
-6.82803
-6.79922
-6.83501
-6.84119
-6.88682
-6.89723
-6.89296
-6.91977
-6.94937
-6.94499
-6.93541
-6.8487
-6.91643
-6.89019
-6.79891
-6.73928
-6.77515
-6.73247
-6.71066
-6.75339
-6.71933
-6.7507
-6.76679
-6.75059
-6.72881
-6.71341
-6.69356
-6.69574
-6.64927
-6.64839
-6.68179
-6.71085
-6.76457
-6.76717
-6.74448
-6.74493
-6.72567
-6.71344
-6.69041
-6.69364
-6.66564
-6.73287
-6.71958
-6.76565
-6.76973
-6.77132
-6.74921
-6.66594
-6.74404
-6.71053
-6.6625
-6.71515
-6.75843
-6.74973
-6.76845
-6.77087
-6.74851
-6.84317
-6.84574
-6.84268
-6.84154
-6.81424
-6.76997
-6.74699
-6.72505
-6.66493
-6.68173
-6.78744
-6.76021
-6.73864
-6.7313
-6.70361
-6.7455
-6.80452
-6.79927
-6.74416
-6.79245
-6.80017
-6.69248
-6.71702
-6.68403
-6.67398
-6.60168
-6.68052
-6.73189
-6.71118
-6.62602
-6.71409
-6.70993
-6.67611
-6.6873
-6.6933
-6.74112
-6.76269
-6.7504
-6.71885
-6.6893
-6.67109
-6.68161
-6.66435
-6.65047
-6.67759
-6.67848
-6.6491
-6.67531
-6.61575
-6.65522
-6.66849
-6.65859
-6.54865
-6.40609
-6.50494
-6.46751
-6.48414
-6.50782
-6.52824
-6.56831
-6.5846
-6.69548
-6.68763
-6.70305
-6.68418
-6.74546
-6.70762
-6.63294
-6.54599
-6.54991
-6.54748
-6.5826
-6.65461
-6.63317
-6.57021
-6.57717
-6.56956
-6.51084
-6.51708
-6.56962
-6.59528
-6.52973
-6.48546
-6.45131
-6.3933
-6.42354
-6.48692
-6.5996
-6.6481
-6.6026
-6.65481
-6.6958
-6.75018
-6.68043
-6.60473
-6.56306
-6.57914
-6.60534
-6.59022
-6.61099
-6.6109
-6.74695
-6.72034
-6.76863
-6.77609
-6.8672
-6.95043
-6.87798
-6.90378
-6.8773
-6.85747
-6.77058
-6.73658
-6.77313
-6.79626
-6.7446
-6.76417
-6.71169
-6.72028
-6.72636
-6.69772
-6.68067
-6.6961
-6.71412
-6.66347
-6.6681
-6.72362
-6.68471
-6.63865
-6.6596
-6.60331
-6.65511
-6.81428
-6.80542
-6.77056
-6.84576
-6.82783
-6.79946
-6.80154
-6.78753
-6.77859
-6.7033
-6.72415
-6.75702
-6.70292
-6.6702
-6.64168
-6.587
-6.58823
-6.64137
-6.65863
-6.59321
-6.72912
-6.79543
-6.67057
-6.67725
-6.72442
-6.67131
-6.59399
-6.60239
-6.55203
-6.49718
-6.45191
-6.46676
-6.5453
-6.6301
-6.68435
-6.70373
-6.75028
-6.71273
-6.69536
-6.6878
-6.7202
-6.69144
-6.75116
-6.7255
-6.71391
-6.64788
-6.65942
-6.61833
-6.60956
-6.59567
-6.62306
-6.73865
-6.72304
-6.6871
-6.61828
-6.52238
-6.46954
-6.51536
-6.56317
-6.58713
-6.62843
-6.60756
-6.56226
-6.63264
-6.59069
-6.61004
-6.6207
-6.62413
-6.59939
-6.66018
-6.66248
-6.62477
-6.63595
-6.71073
-6.72249
-6.74421
-6.74609
-6.69612
-6.70356
-6.6708
-6.66799
-6.62743
-6.56209
-6.65612
-6.69174
-6.63263
-6.75745
-6.78881
-6.77219
-6.7821
-6.77033
-6.74989
-6.71125
-6.6759
-6.71805
-6.69464
-6.68585
-6.77063
-6.79373
-6.75963
-6.65144
-6.73666
-6.66272
-6.70756
-6.77958
-6.7268
-6.73671
-6.79828
-6.8053
-6.7811
-6.67609
-6.68457
-6.70505
-6.66224
-6.71368
-6.76956
-6.79558
-6.77122
-6.70068
-6.71399
-6.7212
-6.70907
-6.65892
-6.5794
-6.61835
-6.64768
-6.59117
-6.57507
-6.57438
-6.67419
-6.65444
-6.72757
-6.66148
-6.82684
-6.8391
-6.83241
-6.72297
-6.64875
-6.63063
-6.71475
-6.66833
-6.67153
-6.64143
-6.62652
-6.53868
-6.47981
-6.51075
-6.54179
-6.58245
-6.64718
-6.69468
-6.71468
-6.74978
-6.67941
-6.5357
-6.57224
-6.69557
-6.7728
-6.75193
-6.71404
-6.68516
-6.65779
-6.67825
-6.62741
-6.65637
-6.69627
-6.70547
-6.72311
-6.59428
-6.70284
-6.77555
-6.78495
-6.76238
-6.74122
-6.69893
-6.69285
-6.63731
-6.67968
-6.68058
-6.67188
-6.61552
-6.67431
-6.6927
-6.69856
-6.64663
-6.64258
-6.57129
-6.5483
-6.56607
-6.61189
-6.5829
-6.6128
-6.64072
-6.67464
-6.68905
-6.69643
-6.73459
-6.70708
-6.73568
-6.72179
-6.64553
-6.57933
-6.54827
-6.49813
-6.49273
-6.48272
-6.43495
-6.38941
-6.46423
-6.5247
-6.58081
-6.59289
-6.6369
-6.63992
-6.60178
-6.68746
-6.66903
-6.64099
-6.59136
-6.5808
-6.5528
-6.60296
-6.51564
-6.5294
-6.4811
-6.50364
-6.54801
-6.62505
-6.62938
-6.6567
-6.71891
-6.66816
-6.80747
-6.75028
-6.66614
-6.69453
-6.82576
-6.78212
-6.75853
-6.70706
-6.70102
-6.66558
-6.68293
-6.67073
-6.74556
-6.71138
-6.69528
-6.7189
-6.72157
-6.72212
-6.67222
-6.59089
-6.60119
-6.66267
-6.71274
-6.65525
-6.63843
-6.68577
-6.75339
-6.7356
-6.85682
-6.79321
-6.78422
-6.7997
-6.73674
-6.75318
-6.84009
-6.83485
-6.81703
-6.83767
-6.81226
-6.8088
-6.77624
-6.63571
-6.56444
-6.59607
-6.59295
-6.536
-6.49467
-6.56217
-6.5778
-6.64939
-6.6378
-6.61947
-6.63272
-6.69526
-6.68871
-6.63522
-6.71066
-6.71372
-6.71272
-6.71592
-6.77979
-6.7677
-6.64559
-6.64378
-6.66176
-6.64622
-6.5997
-6.60662
-6.72361
-6.70942
-6.66488
-6.65487
-6.68994
-6.70064
-6.68911
-6.72577
-6.65973
-6.65511
-6.66042
-6.59827
-6.5693
-6.59327
-6.59614
-6.63397
-6.58267
-6.69388
-6.77723
-6.78183
-6.74609
-6.74212
-6.76675
-6.73467
-6.74378
-6.78331
-6.74293
-6.74405
-6.70925
-6.77491
-6.7472
-6.7477
-6.63515
-6.62776
-6.54958
-6.58575
-6.5837
-6.56319
-6.65742
-6.66345
-6.64888
-6.66278
-6.69719
-6.67406
-6.64764
-6.61207
-6.6821
-6.66787
-6.58588
-6.5931
-6.62614
-6.64335
-6.6396
-6.64732
-6.69103
-6.66917
-6.7279
-6.72413
-6.63785
-6.65033
-6.62944
-6.72501
-6.703
-6.70295
-6.6153
-6.65817
-6.68355
-6.61066
-6.55657
-6.55249
-6.65036
-6.65852
-6.623
-6.69101
-6.64598
-6.63286
-6.58769
-6.60878
-6.58909
-6.53035
-6.64176
-6.60392
-6.68547
-6.73059
-6.6405
-6.72201
-6.77108
-6.67347
-6.68451
-6.78812
-6.73027
-6.76961
-6.81803
-6.81365
-6.76072
-6.76814
-6.8071
-6.83124
-6.84096
-6.75514
-6.71715
-6.7365
-6.78751
-6.76692
-6.8493
-6.84065
-6.85418
-6.83065
-6.8446
-6.80377
-6.82997
-6.7306
-6.7865
-6.82047
-6.77627
-6.77472
-6.70357
-6.72714
-6.69304
-6.72356
-6.69104
-6.69571
-6.64098
-6.63597
-6.64212
-6.64776
-6.67631
-6.65226
-6.63072
-6.74551
-6.77747
-6.79769
-6.72691
-6.66848
-6.68858
-6.72873
-6.69085
-6.70937
-6.7029
-6.74402
-6.68456
-6.71581
-6.72764
-6.75217
-6.77555
-6.71895
-6.66412
-6.66866
-6.71534
-6.71341
-6.69357
-6.65923
-6.67076
-6.68263
-6.72233
-6.7873
-6.76794
-6.77124
-6.75249
-6.72906
-6.72587
-6.74018
-6.63582
-6.59727
-6.49878
-6.60051
-6.67772
-6.6429
-6.67634
-6.7068
-6.68047
-6.60187
-6.59318
-6.63158
-6.63326
-6.69766
-6.65405
-6.65761
-6.6505
-6.62848
-6.62379
-6.71977
-6.67659
-6.70466
-6.73308
-6.75838
-6.64938
