-7.49388
-7.48774
-7.52101
-7.53419
-7.5574
-7.55396
-7.5163
-7.50536
-7.54283
-7.48233
-7.56219
-7.56277
-7.58619
-7.63156
-7.60035
-7.56274
-7.52042
-7.63278
-7.58159
-7.53299
-7.5166
-7.54789
-7.51767
-7.55146
-7.55877
-7.55137
-7.46559
-7.46965
-7.44087
-7.48644
-7.4724
-7.49105
-7.4983
-7.47996
-7.57314
-7.63829
-7.62474
-7.56331
-7.57719
-7.68841
-7.69395
-7.6259
-7.64384
-7.57608
-7.56997
-7.61716
-7.59579
-7.61648
-7.59657
-7.59527
-7.59547
-7.64909
-7.71638
-7.72986
-7.7543
-7.69
-7.66536
-7.69943
-7.59123
-7.64484
-7.57641
-7.58453
-7.5739
-7.58511
-7.62559
-7.65692
-7.68454
-7.64997
-7.59693
-7.58361
-7.54543
-7.60781
-7.62647
-7.70221
-7.66136
-7.6335
-7.60634
-7.62077
-7.65114
-7.60308
-7.49499
-7.49
-7.50831
-7.49966
-7.53833
-7.49772
-7.48284
-7.46951
-7.527
-7.52033
-7.49784
-7.46252
-7.56433
-7.57241
-7.53932
-7.46659
-7.53126
-7.44767
-7.39009
-7.47284
-7.53995
-7.57683
-7.53122
-7.4942
-7.49477
-7.54888
-7.48207
-7.51025
-7.40869
-7.38634
-7.45233
-7.3828
-7.42792
-7.47471
-7.52823
-7.56943
-7.61862
-7.57341
-7.54124
-7.53361
-7.51866
-7.49263
-7.57466
-7.61034
-7.61674
-7.62397
-7.66002
-7.67887
-7.65812
-7.66089
-7.63895
-7.6491
-7.6738
-7.64844
-7.67627
-7.6492
-7.6964
-7.65736
-7.6372
-7.63878
-7.54489
-7.60848
-7.56182
-7.51362
-7.57423
-7.61821
-7.53937
-7.48296
-7.51955
-7.55873
-7.63718
-7.68981
-7.69691
-7.63828
-7.62137
-7.57526
-7.56856
-7.55213
-7.56649
-7.56957
-7.58848
-7.52702
-7.54116
-7.53807
-7.64711
-7.57765
-7.55906
-7.57419
-7.46666
-7.52596
-7.53078
-7.48617
-7.42919
-7.37139
-7.33825
-7.42534
-7.4179
-7.42736
-7.44518
-7.51977
-7.51224
-7.53955
-7.53939
-7.57727
-7.52746
-7.55345
-7.44712
-7.4638
-7.46316
-7.49503
-7.53483
-7.58792
-7.52765
-7.50436
-7.4638
-7.55731
-7.50977
-7.52742
-7.48236
-7.52498
-7.59602
-7.56486
-7.53608
-7.50751
-7.51543
-7.51221
-7.42745
-7.46679
-7.50923
-7.4978
-7.53769
-7.56612
-7.55741
-7.57837
-7.55735
-7.57454
-7.59651
-7.50848
-7.45062
-7.42818
-7.4258
-7.60945
-7.55203
-7.59421
-7.53367
-7.47697
-7.5064
-7.51721
-7.56954
-7.52255
-7.46305
-7.53113
-7.48961
-7.55825
-7.50278
-7.55711
-7.5616
-7.59238
-7.55582
-7.53538
-7.54958
-7.5225
-7.47838
-7.51449
-7.50427
-7.47
-7.49306
-7.53387
-7.57056
-7.5632
-7.48041
-7.43744
-7.3535
-7.42346
-7.47059
-7.49631
-7.54804
-7.46022
-7.36643
-7.44828
-7.46234
-7.49684
-7.44466
-7.49746
-7.47874
-7.45231
-7.51779
-7.60263
-7.6164
-7.59518
-7.6226
-7.57647
-7.59561
-7.58367
-7.58924
-7.62346
-7.65243
-7.65719
-7.61878
-7.63195
-7.618
-7.59727
-7.54664
-7.636
-7.59191
-7.6636
-7.67019
-7.69264
-7.67507
-7.65411
-7.69562
-7.67388
-7.64378
-7.65517
-7.5914
-7.59074
-7.5818
-7.57673
-7.54799
-7.67386
-7.75639
-7.71196
-7.62138
-7.56094
-7.61404
-7.6652
-7.60232
-7.65927
-7.67618
-7.61654
-7.59808
-7.59221
-7.56265
-7.62376
-7.58412
-7.59807
-7.57935
-7.55286
-7.58624
-7.57627
-7.60317
-7.64785
-7.63641
-7.63254
-7.63233
-7.59593
-7.539
-7.52091
-7.49901
-7.55424
-7.54338
-7.56095
-7.55734
-7.54776
-7.60328
-7.52953
-7.53861
-7.5471
-7.57284
-7.60532
-7.59955
-7.60919
-7.62413
-7.53348
-7.57008
-7.57098
-7.53192
-7.54274
-7.49356
-7.51256
-7.62574
-7.65741
-7.64609
-7.5939
-7.56598
-7.53955
-7.58525
-7.60656
-7.62959
-7.66632
-7.54084
-7.56156
-7.55877
-7.48413
-7.43499
-7.48524
-7.53249
-7.59758
-7.55024
-7.53639
-7.5429
-7.51161
-7.5095
-7.51686
-7.52902
-7.52775
-7.47635
-7.52797
-7.54601
-7.62413
-7.59544
-7.60037
-7.60818
-7.65998
-7.66847
-7.69442
-7.67943
-7.6283
-7.60681
-7.60235
-7.60723
-7.66127
-7.58324
-7.63273
-7.60739
-7.6588
-7.65159
-7.66774
-7.64555
-7.66752
-7.66462
-7.67487
-7.6281
-7.62013
-7.56211
-7.55355
-7.57141
-7.53633
-7.56609
-7.53619
-7.48738
-7.48264
-7.42033
-7.43813
-7.41967
-7.58662
-7.59461
-7.54603
-7.59574
-7.55654
-7.47438
-7.55822
-7.56914
-7.60317
-7.56887
-7.55946
-7.52045
-7.57949
-7.6514
-7.67387
-7.6555
-7.69424
-7.71253
-7.74588
-7.75593
-7.74775
-7.75777
-7.71345
-7.69722
-7.63623
-7.57075
-7.65004
-7.69931
-7.70493
-7.64345
-7.64439
-7.53279
-7.47341
-7.45509
-7.50889
-7.52393
-7.39783
-7.54323
-7.56586
-7.59385
-7.52551
-7.50427
-7.53002
-7.46591
-7.44202
-7.45429
-7.48001
-7.37848
-7.40545
-7.41332
-7.35617
-7.44339
-7.37254
-7.38452
-7.33144
-7.38289
-7.39257
-7.46402
-7.46004
-7.3973
-7.42955
-7.45589
-7.42943
-7.37536
-7.37337
-7.35254
-7.34665
-7.46974
-7.49903
-7.54588
-7.50577
-7.52066
-7.5123
-7.36695
-7.45021
-7.37593
-7.42308
-7.3799
-7.41765
-7.47586
-7.41094
-7.49716
-7.5056
-7.53903
-7.57392
-7.53907
-7.52352
-7.46131
-7.39918
-7.46152
-7.4787
-7.54486
-7.45884
-7.42867
-7.50333
-7.51833
-7.41696
-7.44202
-7.42785
-7.37788
-7.33937
-7.40554
-7.37275
-7.40358
-7.44499
-7.42738
-7.47329
-7.40795
-7.3915
-7.49592
-7.53255
-7.57613
-7.58148
-7.55257
-7.55104
-7.48771
-7.43237
-7.48281
-7.52272
-7.46193
-7.50599
-7.39618
-7.4055
-7.43114
-7.38325
-7.43083
-7.39463
-7.40401
-7.4782
-7.52414
-7.46705
-7.47137
-7.4693
-7.50728
-7.43226
-7.50208
-7.506
-7.54918
-7.48767
-7.45349
-7.42492
-7.38892
-7.47755
-7.53593
-7.48274
-7.4899
-7.42761
-7.45923
-7.41343
-7.42873
-7.38068
-7.45822
-7.44896
-7.58338
-7.59927
-7.57185
-7.56538
-7.5105
-7.57469
-7.6014
-7.5921
-7.55069
-7.55841
-7.53548
-7.57613
-7.52202
-7.54303
-7.48128
-7.51459
-7.49184
-7.49805
-7.60876
-7.58334
-7.56843
-7.55753
-7.48603
-7.60706
-7.64507
-7.68358
-7.58378
-7.51325
-7.58724
-7.6094
-7.60754
-7.63871
-7.63875
-7.63403
-7.6592
-7.71066
-7.6707
-7.60139
-7.59438
-7.6415
-7.5728
-7.61338
-7.64466
-7.653
-7.60056
-7.55357
-7.48968
-7.48914
-7.46069
-7.46061
-7.46525
-7.46113
-7.44964
-7.51019
-7.50625
-7.56324
-7.52861
-7.50573
-7.48241
-7.44629
-7.49987
-7.53172
-7.47074
-7.49276
-7.50432
-7.44572
-7.34116
-7.45668
-7.39124
-7.3537
-7.37459
-7.4541
-7.48468
-7.42543
-7.49754
-7.34092
-7.31079
-7.2681
-7.29316
-7.28835
-7.23293
-7.23402
-7.29952
-7.3087
-7.29556
-7.29479
-7.29218
-7.30175
-7.30594
-7.30601
-7.46638
-7.46334
-7.42852
-7.41534
-7.37062
-7.36667
-7.48296
-7.52329
-7.46446
-7.38761
-7.43472
-7.42319
-7.37483
-7.36673
-7.42227
-7.44182
-7.45657
-7.5031
-7.55551
-7.61916
-7.6512
-7.60287
-7.66518
-7.68272
-7.59734
-7.52709
-7.54648
-7.53487
-7.47877
-7.47106
-7.46689
-7.46621
-7.42833
-7.4157
-7.39947
-7.35303
-7.4624
-7.52633
-7.60844
-7.48552
-7.50112
-7.46525
-7.43977
-7.45492
-7.50161
-7.4929
-7.51806
-7.48568
-7.42363
-7.48439
-7.51422
-7.44256
-7.49127
-7.59759
-7.62257
-7.60198
-7.52105
-7.49005
-7.45812
-7.5656
-7.49409
-7.54614
-7.50217
-7.54707
-7.52748
-7.51163
-7.50735
-7.55806
-7.50923
-7.55956
-7.63366
-7.59991
-7.60887
-7.61752
-7.64682
-7.62099
-7.64003
-7.65084
-7.69651
-7.69744
-7.69675
-7.61324
-7.66875
-7.66794
-7.66978
-7.66674
-7.62623
-7.66529
-7.62596
-7.69198
-7.66057
-7.70061
-7.64855
-7.7582
-7.75567
-7.76069
-7.83136
-7.74702
-7.66818
-7.66394
-7.64774
-7.70036
-7.6849
-7.70598
-7.72138
-7.61303
-7.56271
-7.59037
-7.49847
-7.50302
-7.54303
-7.57369
-7.68065
-7.59668
-7.5732
-7.54048
-7.48846
-7.44763
-7.47522
-7.50121
-7.4678
-7.4609
-7.41746
-7.4494
-7.5954
-7.55802
-7.56151
-7.62448
-7.56472
-7.57666
-7.52088
-7.59064
-7.66535
-7.68584
-7.58731
-7.56051
-7.4658
-7.46366
-7.4423
-7.50994
-7.46409
-7.40895
-7.4283
-7.45577
-7.39031
-7.385
-7.31108
-7.38528
-7.35427
-7.45461
-7.42385
-7.38161
-7.3163
-7.35206
-7.38992
-7.43235
-7.47957
-7.40581
-7.37402
-7.28957
-7.40328
-7.48505
-7.50388
-7.54856
-7.5284
-7.45822
-7.48186
-7.41603
-7.46964
-7.50465
-7.54232
-7.65032
-7.66974
-7.66331
-7.68694
-7.71298
-7.69718
-7.70429
-7.71329
-7.71968
-7.73743
-7.68348
-7.60066
-7.5831
-7.61801
-7.55591
-7.48768
-7.39012
-7.35277
-7.40378
-7.44265
-7.42283
-7.53173
-7.48736
-7.45375
-7.43249
-7.42334
-7.40676
-7.48016
-7.46797
-7.5285
-7.5699
-7.62042
-7.60748
-7.59624
-7.65488
-7.7129
-7.66734
-7.70315
-7.71462
-7.73415
-7.69142
-7.74664
-7.66272
-7.72696
-7.68862
-7.7498
-7.59963
-7.61957
-7.66196
-7.6494
-7.70242
-7.71496
-7.67918
-7.62058
-7.54737
-7.57885
-7.67229
-7.73936
-7.71957
-7.72719
-7.62371
-7.63277
-7.68411
-7.66372
-7.60598
-7.60119
-7.58285
-7.59609
-7.5924
-7.64426
-7.64567
-7.56454
-7.61524
-7.63174
-7.61273
-7.51479
-7.55054
-7.56228
-7.62196
-7.62341
-7.64433
-7.65523
-7.65377
-7.64066
-7.60563
-7.5991
-7.61491
-7.64276
-7.58606
-7.53145
-7.59013
-7.52991
-7.5923
-7.5796
-7.53722
-7.47667
-7.4919
-7.48935
-7.52439
-7.54212
-7.51115
-7.55121
-7.54244
-7.57837
-7.5524
-7.5701
-7.57687
-7.51228
-7.54203
-7.55643
-7.56289
-7.58943
-7.55242
-7.51966
-7.49858
-7.50774
-7.46437
-7.46261
-7.48733
-7.60924
-7.55883
-7.57628
-7.57567
-7.59948
-7.59989
-7.58699
-7.57507
-7.574
-7.55461
-7.57158
-7.55259
-7.53471
-7.55673
-7.52324
-7.50764
-7.53229
-7.57472
-7.54389
-7.5392
-7.48251
-7.54753
-7.45791
-7.53953
-7.53843
-7.49925
-7.51935
-7.35879
-7.43452
-7.47047
-7.53587
-7.65344
-7.63649
-7.63233
-7.54715
-7.52232
-7.54669
-7.56983
-7.62363
-7.60342
-7.61915
-7.63675
-7.66442
-7.59864
-7.69243
-7.68828
-7.66229
-7.60192
-7.56214
-7.54362
-7.49452
-7.52095
