-0.396864
-0.338998
-0.430008
-0.390019
-0.375248
-0.408205
-0.379092
-0.392071
-0.415986
-0.407564
-0.433727
-0.443551
-0.346806
-0.385973
-0.40187
-0.428477
-0.457934
-0.464479
-0.502215
-0.386387
-0.393468
-0.373931
-0.410745
-0.340149
-0.354106
-0.380092
-0.378825
-0.467904
-0.346452
-0.363559
-0.343002
-0.386518
-0.375503
-0.414776
-0.477145
-0.427419
-0.457148
-0.405714
-0.475818
-0.388491
-0.475329
-0.411583
-0.360429
-0.493246
-0.462142
-0.447134
-0.38811
-0.35032
-0.39327
-0.366511
-0.398121
-0.417179
-0.38906
-0.374903
-0.359962
-0.403897
-0.416815
-0.490829
-0.4255
-0.464601
-0.441967
-0.451365
-0.44003
-0.373254
-0.464703
-0.347321
-0.410488
-0.359266
-0.411016
-0.518789
-0.470971
-0.486987
-0.451061
-0.473659
-0.440583
-0.453402
-0.33959
-0.364544
-0.38876
-0.387979
-0.389458
-0.414274
-0.427577
-0.432494
-0.388102
-0.420713
-0.331232
-0.343029
-0.359198
-0.343158
-0.415129
-0.428289
-0.467937
-0.439416
-0.456862
-0.402165
-0.376029
-0.372485
-0.392954
-0.40071
-0.415119
-0.378037
-0.356427
-0.344936
-0.324514
-0.296198
-0.33226
-0.352197
-0.294637
-0.336272
-0.326671
-0.352309
-0.366634
-0.350464
-0.426965
-0.396856
-0.386453
-0.345771
-0.399935
-0.347029
-0.342413
-0.354399
-0.370446
-0.421547
-0.37035
-0.450211
-0.447059
-0.448372
-0.447178
-0.476185
-0.450327
-0.330243
-0.3784
-0.429399
-0.454575
-0.432055
-0.398534
-0.364928
-0.397996
-0.393525
-0.283859
-0.316833
-0.348591
-0.351488
-0.406425
-0.414911
-0.386821
-0.359067
-0.420774
-0.40358
-0.449093
-0.451622
-0.404955
-0.355665
-0.394854
-0.379708
-0.397336
-0.405267
-0.411557
-0.405177
-0.412508
-0.362521
-0.390749
-0.37517
-0.400916
-0.389801
-0.409642
-0.371239
-0.386818
-0.456526
-0.506534
-0.467081
-0.429243
-0.432432
-0.386981
-0.416246
-0.395078
-0.381492
-0.414574
-0.514678
-0.402814
-0.441634
-0.407616
-0.450412
-0.453601
-0.460493
-0.451695
-0.37774
-0.422849
-0.368632
-0.359696
-0.379528
-0.426674
-0.453815
-0.413275
-0.394985
-0.456635
-0.405369
-0.438614
-0.341967
-0.396711
-0.371773
-0.410609
-0.432984
-0.415457
-0.432072
-0.370178
-0.326123
-0.348268
-0.348319
-0.405665
-0.468722
-0.449887
-0.425131
-0.406278
-0.442888
-0.44804
-0.451855
-0.356104
-0.401881
-0.394087
-0.475498
-0.346077
-0.389275
-0.409936
-0.325121
-0.374693
-0.424505
-0.393711
-0.393665
-0.433074
-0.494552
-0.400849
-0.425663
-0.402589
-0.417069
-0.422473
-0.393418
-0.441946
-0.513275
-0.472784
-0.449862
-0.457582
-0.468128
-0.371115
-0.388908
-0.391724
-0.337029
-0.425379
-0.448117
-0.426549
-0.351457
-0.449043
-0.448815
-0.4432
-0.448509
-0.392199
-0.329939
-0.38743
-0.410011
-0.38719
-0.356513
-0.4035
-0.425645
-0.422594
-0.493203
-0.420199
-0.392834
-0.381103
-0.42873
-0.47065
-0.427046
-0.465488
-0.456908
-0.455268
-0.476096
-0.417342
-0.440154
-0.448018
-0.470882
-0.463479
-0.445887
-0.437339
-0.482257
-0.378722
-0.413143
-0.36719
-0.366266
-0.458281
-0.37227
-0.411601
-0.474033
-0.433732
-0.377896
-0.336744
-0.386847
-0.41115
-0.394319
-0.39733
-0.417625
-0.426311
-0.446305
-0.436885
-0.417726
-0.428684
-0.444269
-0.501604
-0.482551
-0.471751
-0.44925
-0.446922
-0.393668
-0.430178
-0.438216
-0.387842
-0.303903
-0.395289
-0.347624
-0.391722
-0.407222
-0.341113
-0.410841
-0.420639
-0.374236
-0.413522
-0.387799
-0.418269
-0.456787
-0.44854
-0.455337
-0.451201
-0.446036
-0.385104
-0.32793
-0.387745
-0.380658
-0.340357
-0.351289
-0.394628
-0.445491
-0.409939
-0.435071
-0.442303
-0.392344
-0.350228
-0.418933
-0.391358
-0.454492
-0.438741
-0.481069
-0.465329
-0.391471
-0.47655
-0.473277
-0.405349
-0.386703
-0.435637
-0.384205
-0.404637
-0.320089
-0.274406
-0.387618
-0.379644
-0.355677
-0.304214
-0.406938
-0.35702
-0.351033
-0.357894
-0.334804
-0.394519
-0.416235
-0.453651
-0.361141
-0.336548
-0.35365
-0.389615
-0.45894
-0.434183
-0.404426
-0.417479
-0.496618
-0.49622
-0.499863
-0.40411
-0.399248
-0.413854
-0.473155
-0.524546
-0.415013
-0.409493
-0.442884
-0.392244
-0.422313
-0.510827
-0.499174
-0.466614
-0.428647
-0.483634
-0.410289
-0.461053
-0.433912
-0.412107
-0.432623
-0.401691
-0.327828
-0.327048
-0.375047
-0.407705
-0.338275
-0.37457
-0.331702
-0.381248
-0.377125
-0.402169
-0.488929
-0.46232
-0.480515
-0.451224
-0.426629
-0.436904
-0.423729
-0.383381
-0.415281
-0.430943
-0.385774
-0.412745
-0.419822
-0.425786
-0.431689
-0.384744
-0.317
-0.405375
-0.398343
-0.435175
-0.362193
-0.407834
-0.458914
-0.418504
-0.35754
-0.415796
-0.353728
-0.298806
-0.395594
-0.367
-0.329257
-0.367846
-0.351686
-0.40302
-0.41958
-0.426958
-0.457669
-0.42736
-0.462065
-0.442314
-0.349961
-0.44261
-0.449134
-0.431674
-0.402682
-0.415002
-0.427189
-0.339243
-0.365769
-0.437127
-0.430877
-0.472606
-0.453015
-0.463072
-0.390865
-0.454794
-0.411306
-0.408822
-0.371112
-0.41658
-0.361338
-0.380782
-0.373906
-0.44455
-0.469303
-0.451772
-0.448367
-0.426058
-0.430564
-0.395867
-0.38782
-0.417556
-0.366939
-0.439474
-0.4353
-0.465516
-0.443321
-0.358266
-0.323926
-0.416551
-0.428892
-0.347178
-0.368489
-0.363833
-0.404045
-0.395614
-0.4094
-0.396707
-0.347484
-0.390326
-0.297326
-0.341092
-0.425749
-0.475952
-0.436501
-0.392857
-0.478986
-0.458459
-0.397786
-0.417132
-0.407002
-0.472586
-0.419467
-0.444475
-0.447683
-0.461064
-0.390895
-0.395539
-0.437864
-0.47747
-0.470613
-0.503918
-0.503848
-0.488724
-0.401822
-0.407143
-0.37267
-0.305227
-0.345106
-0.379324
-0.41892
-0.419169
-0.467961
-0.478286
-0.442562
-0.356147
-0.399128
-0.36911
-0.405755
-0.393311
-0.377289
-0.387179
-0.389707
-0.387027
-0.396271
-0.371705
-0.375737
-0.350046
-0.398524
-0.420737
-0.459328
-0.346415
-0.352809
-0.414337
-0.345477
-0.421349
-0.413527
-0.391176
-0.406744
-0.427581
-0.319328
-0.394201
-0.364196
-0.385305
-0.340815
-0.361636
-0.374546
-0.435818
-0.368038
-0.364502
-0.436333
-0.347664
-0.334434
-0.336693
-0.334795
-0.321519
-0.370395
-0.37276
-0.453278
-0.450508
-0.451294
-0.461987
-0.432718
-0.352884
-0.403099
-0.39267
-0.371751
-0.400653
-0.377752
-0.387288
-0.362799
-0.414153
-0.449408
-0.396263
-0.426579
-0.473301
-0.499947
-0.494269
-0.42811
-0.42218
-0.412332
-0.352789
-0.389781
-0.483405
-0.420902
-0.445939
-0.430497
-0.451995
-0.442304
-0.393956
-0.388452
-0.37354
-0.355056
-0.353675
-0.321307
-0.464784
-0.37963
-0.383374
-0.349963
-0.364558
-0.353051
-0.443025
-0.423956
-0.450624
-0.456829
-0.440387
-0.447411
-0.468047
-0.444866
-0.378884
-0.457669
-0.385139
-0.361145
-0.378691
-0.401663
-0.376022
-0.346883
-0.409179
-0.417852
-0.39933
-0.430895
-0.458136
-0.395576
-0.456446
-0.396722
-0.437823
-0.374454
-0.416938
-0.440859
-0.496805
-0.514935
-0.404335
-0.474923
-0.410807
-0.473176
-0.417558
-0.398887
-0.349719
-0.393567
-0.431308
-0.439809
-0.504047
-0.460365
-0.480197
-0.427224
-0.433928
-0.43352
-0.402829
-0.446423
-0.351809
-0.330905
-0.325236
-0.418674
-0.426006
-0.370572
-0.383117
-0.444389
-0.401463
-0.345789
-0.339232
-0.306023
-0.366596
-0.444954
-0.401606
-0.374954
-0.400379
-0.44434
-0.449741
-0.498383
-0.409303
-0.409479
-0.4219
-0.403611
-0.451649
-0.393792
-0.39896
-0.463233
-0.42342
-0.398701
-0.450747
-0.422244
-0.41688
-0.400074
-0.393297
-0.388239
-0.400892
-0.412823
-0.390211
-0.413063
-0.3788
-0.428959
-0.363739
-0.393383
-0.415672
-0.451813
-0.400059
-0.423147
-0.389586
-0.379168
-0.401471
-0.449913
-0.47183
-0.38134
-0.404771
-0.383424
-0.385707
-0.38353
-0.430306
-0.371102
-0.443778
-0.413011
-0.374236
-0.385688
-0.449721
-0.508269
-0.465318
-0.52411
-0.414792
-0.421326
-0.441487
-0.414133
-0.48127
-0.468169
-0.440149
-0.44528
-0.40526
-0.40793
-0.355567
-0.378446
-0.422411
-0.43601
-0.456553
-0.423504
-0.423731
-0.365563
-0.407462
-0.416687
-0.427664
-0.386782
-0.318665
-0.406849
-0.383519
-0.448122
-0.482815
-0.47388
-0.351744
-0.354721
-0.449199
-0.42968
-0.392871
-0.438709
-0.461558
-0.438609
-0.426427
-0.557646
-0.586721
-0.492268
-0.472566
-0.449174
-0.432746
-0.404319
-0.404173
-0.333875
-0.3597
-0.393374
-0.402656
-0.451346
-0.417559
-0.342413
-0.339408
-0.26796
-0.292722
-0.377274
-0.359131
-0.269393
-0.454247
-0.44986
-0.419099
-0.386609
-0.388785
-0.358879
-0.347029
-0.331447
-0.434253
-0.379185
-0.416561
-0.496721
-0.422742
-0.350541
-0.401987
-0.361174
-0.405844
-0.352943
-0.369407
-0.432933
-0.422072
-0.451748
-0.485665
-0.423604
-0.438353
-0.485127
-0.453054
-0.388826
-0.388779
-0.380772
-0.355876
-0.342984
-0.406672
-0.442223
-0.437691
-0.459474
-0.51428
-0.476569
-0.492914
-0.441559
-0.429703
-0.366762
-0.383885
-0.362639
-0.342617
-0.417282
-0.451857
-0.399883
-0.504314
-0.51367
-0.531123
-0.437066
-0.414515
-0.40011
-0.472117
-0.489588
-0.525922
-0.557812
-0.513916
-0.478534
-0.466456
-0.431934
-0.489722
-0.459894
-0.472083
-0.425655
-0.476363
-0.447573
-0.480668
-0.491826
-0.472043
-0.405398
-0.412564
-0.407786
-0.415439
-0.401376
-0.409414
-0.387797
-0.398413
-0.347632
-0.420148
-0.456802
-0.414548
-0.378336
-0.427566
-0.414722
-0.33095
-0.304657
-0.349774
-0.339807
-0.386989
-0.292968
-0.366558
-0.379546
-0.326852
-0.381239
-0.47095
-0.469193
-0.425849
-0.397236
-0.445974
-0.470993
-0.429254
-0.42941
-0.471518
-0.494249
-0.41087
-0.451204
-0.439081
-0.436564
-0.431709
-0.394928
-0.349366
-0.376491
-0.378842
-0.322677
-0.345279
-0.40467
-0.380594
-0.404235
-0.407244
-0.394299
-0.478795
-0.432225
-0.465752
-0.472301
-0.468958
-0.325578
-0.32899
-0.362521
-0.415101
-0.43084
-0.513077
-0.510462
-0.575567
-0.51572
-0.529561
-0.525803
-0.397812
-0.417566
-0.442636
-0.447939
-0.435787
-0.328396
-0.429176
-0.392466
-0.429042
-0.347541
-0.353569
-0.409572
-0.474248
-0.461389
-0.448919
-0.535708
-0.50625
-0.468104
-0.432425
-0.409223
-0.415481
-0.458822
-0.426013
-0.479706
-0.486863
-0.5745
-0.495926
-0.490351
-0.500593
-0.534592
-0.48183
-0.456921
-0.405274
-0.444959
-0.374532
-0.381806
-0.422476
-0.382217
-0.443572
-0.46842
-0.369012
-0.371517
-0.343308
-0.371498
-0.449991
-0.423401
-0.398182
-0.433319
-0.369032
-0.368821
-0.439405
-0.480488
-0.468186
-0.407255
-0.365138
-0.379894
-0.401147
-0.384971
-0.321347
-0.326276
-0.385995
-0.431646
