-0.22614
-0.342387
-0.346235
-0.334586
-0.382643
-0.370963
-0.381088
-0.471289
-0.394638
-0.351319
-0.386912
-0.455608
-0.371856
-0.390159
-0.422754
-0.407807
-0.36375
-0.341128
-0.373408
-0.371333
-0.306746
-0.327988
-0.350469
-0.38462
-0.403091
-0.442348
-0.41925
-0.49809
-0.47185
-0.376825
-0.479532
-0.347351
-0.380966
-0.429969
-0.45666
-0.451479
-0.377283
-0.441843
-0.46539
-0.439639
-0.456608
-0.430996
-0.548689
-0.432538
-0.38288
-0.364109
-0.377831
-0.404393
-0.346425
-0.348399
-0.517446
-0.484963
-0.47568
-0.470778
-0.373918
-0.471993
-0.424913
-0.360004
-0.422602
-0.379187
-0.372318
-0.400467
-0.40544
-0.338038
-0.344416
-0.351826
-0.358332
-0.373346
-0.382474
-0.381867
-0.363186
-0.380999
-0.372514
-0.367933
-0.405489
-0.47015
-0.489691
-0.483839
-0.424326
-0.439601
-0.502251
-0.448065
-0.433711
-0.422203
-0.38144
-0.442459
-0.514541
-0.444708
-0.502127
-0.48038
-0.483306
-0.408659
-0.406691
-0.462794
-0.423806
-0.376065
-0.374897
-0.359182
-0.335352
-0.412547
-0.353718
-0.318706
-0.3177
-0.383773
-0.307239
-0.465067
-0.514421
-0.443099
-0.466972
-0.386898
-0.465254
-0.444209
-0.450803
-0.354195
-0.34063
-0.366848
-0.374813
-0.362437
-0.36705
-0.448379
-0.342679
-0.422719
-0.415405
-0.435552
-0.316672
-0.368544
-0.466575
-0.489048
-0.515707
-0.536679
-0.412972
-0.405926
-0.486148
-0.433395
-0.415714
-0.362236
-0.413088
-0.451044
-0.465513
-0.432425
-0.376484
-0.349595
-0.394665
-0.428073
-0.362181
-0.379233
-0.416196
-0.380494
-0.340952
-0.385986
-0.436802
-0.383885
-0.371738
-0.358014
-0.418523
-0.428386
-0.444628
-0.476967
-0.417892
-0.482627
-0.440914
-0.427764
-0.45878
-0.421828
-0.418877
-0.434605
-0.406186
-0.499433
-0.472771
-0.392914
-0.353311
-0.370799
-0.360735
-0.384683
-0.341126
-0.400163
-0.400063
-0.37145
-0.389199
-0.39536
-0.50652
-0.370021
-0.369215
-0.385496
-0.41654
-0.445623
-0.418124
-0.396233
-0.419045
-0.425364
-0.399903
-0.506975
-0.390914
-0.409302
-0.407204
-0.445542
-0.460432
-0.452901
-0.437756
-0.558001
-0.522877
-0.536055
-0.53488
-0.464777
-0.480493
-0.608248
-0.454375
-0.444638
-0.460537
-0.480914
-0.424146
-0.424329
-0.418896
-0.393021
-0.391445
-0.418592
-0.463176
-0.446648
-0.524276
-0.5137
-0.459724
-0.380642
-0.36769
-0.352472
-0.377139
-0.429383
-0.43638
-0.391149
-0.41181
-0.4354
-0.372606
-0.426004
-0.542369
-0.513979
-0.518083
-0.513416
-0.461853
-0.460587
-0.430223
-0.454423
-0.448482
-0.393026
-0.40218
-0.406551
-0.430503
-0.431875
-0.444618
-0.418819
-0.368431
-0.488958
-0.445335
-0.417271
-0.377069
-0.382089
-0.367275
-0.399786
-0.432046
-0.441917
-0.526926
-0.488738
-0.525258
-0.515353
-0.395785
-0.361671
-0.399491
-0.378965
-0.418381
-0.50612
-0.445796
-0.424975
-0.426742
-0.452717
-0.352274
-0.422021
-0.419603
-0.402495
-0.390322
-0.326628
-0.371483
-0.407279
-0.434215
-0.375027
-0.376277
-0.397888
-0.351549
-0.357966
-0.442885
-0.379265
-0.37832
-0.350606
-0.387959
-0.366586
-0.349529
-0.417637
-0.335407
-0.3317
-0.3483
-0.393014
-0.353129
-0.278665
-0.32084
-0.371683
-0.358718
-0.378163
-0.3924
-0.372868
-0.372814
-0.415607
-0.423093
-0.41707
-0.420228
-0.408983
-0.509021
-0.446997
-0.363461
-0.399003
-0.410212
-0.378685
-0.377939
-0.362561
-0.307514
-0.3388
-0.420122
-0.406543
-0.399632
-0.390503
-0.438282
-0.425798
-0.472343
-0.387576
-0.384911
-0.363638
-0.418829
-0.38411
-0.340052
-0.350024
-0.350756
-0.367602
-0.351031
-0.42254
-0.406379
-0.372891
-0.347317
-0.417791
-0.438338
-0.432812
-0.444103
-0.437983
-0.408015
-0.389529
-0.481171
-0.464069
-0.445453
-0.384489
-0.392518
-0.370184
-0.415329
-0.325398
-0.333651
-0.368759
-0.373941
-0.37886
-0.417484
-0.40087
-0.393471
-0.401589
-0.421277
-0.398357
-0.390656
-0.423907
-0.409814
-0.360837
-0.438449
-0.439578
-0.442714
-0.401466
-0.401134
-0.387304
-0.431858
-0.422635
-0.439965
-0.46763
-0.435827
-0.473817
-0.412582
-0.394365
-0.367373
-0.377662
-0.386843
-0.367669
-0.428326
-0.390963
-0.41688
-0.391549
-0.435633
-0.405962
-0.381123
-0.396161
-0.404738
-0.380149
-0.336714
-0.364796
-0.444724
-0.462038
-0.374942
-0.360644
-0.406451
-0.393014
-0.432096
-0.428123
-0.381292
-0.344925
-0.360766
-0.417616
-0.437964
-0.433855
-0.382117
-0.458097
-0.406373
-0.295484
-0.288871
-0.341725
-0.406488
-0.399892
-0.427276
-0.372267
-0.406549
-0.539285
-0.433099
-0.405547
-0.385292
-0.435027
-0.428646
-0.352525
-0.313019
-0.357171
-0.290398
-0.319197
-0.429046
-0.379692
-0.419211
-0.360999
-0.323811
-0.417741
-0.446541
-0.352368
-0.426529
-0.414376
-0.392066
-0.383906
-0.484078
-0.344516
-0.319421
-0.369233
-0.363827
-0.367979
-0.391532
-0.351319
-0.369395
-0.400128
-0.362287
-0.404158
-0.379007
-0.376798
-0.368129
-0.418732
-0.368572
-0.425532
-0.459929
-0.49046
-0.434066
-0.488084
-0.497861
-0.506386
-0.474097
-0.480862
-0.465054
-0.427917
-0.47161
-0.399473
-0.425343
-0.414996
-0.454646
-0.39868
-0.452391
-0.381383
-0.407222
-0.379246
-0.380568
-0.362171
-0.42614
-0.43177
-0.463178
-0.443095
-0.38838
-0.336585
-0.339874
-0.375101
-0.38543
-0.370307
-0.388932
-0.342569
-0.408325
-0.412798
-0.395072
-0.459887
-0.485533
-0.454797
-0.425359
-0.422285
-0.467426
-0.414784
-0.426355
-0.493863
-0.494604
-0.399187
-0.388795
-0.413608
-0.424312
-0.343932
-0.353111
-0.381317
-0.351298
-0.413274
-0.458236
-0.478231
-0.466124
-0.440147
-0.436574
-0.357961
-0.372308
-0.389127
-0.426578
-0.413484
-0.354995
-0.371063
-0.406065
-0.391429
-0.372292
-0.359212
-0.407127
-0.370257
-0.292709
-0.29381
-0.338449
-0.416736
-0.439012
-0.475002
-0.40773
-0.389009
-0.357927
-0.438746
-0.390348
-0.439015
-0.408957
-0.403028
-0.407691
-0.430866
-0.397451
-0.45852
-0.455769
-0.430757
-0.426902
-0.45948
-0.47654
-0.498233
-0.445115
-0.414637
-0.45983
-0.391586
-0.405533
-0.431888
-0.369521
-0.393068
-0.375863
-0.460622
-0.453953
-0.414789
-0.441627
-0.403709
-0.435093
-0.420599
-0.511184
-0.547739
-0.481914
-0.555157
-0.445579
-0.469281
-0.473999
-0.437197
-0.357009
-0.361982
-0.416233
-0.44656
-0.455875
-0.352255
-0.327616
-0.310295
-0.317274
-0.419282
-0.33136
-0.347103
-0.414606
-0.367679
-0.416092
-0.383017
-0.456979
-0.442427
-0.438028
-0.433122
-0.404279
-0.442123
-0.408756
-0.372434
-0.384392
-0.386932
-0.326074
-0.363632
-0.36723
-0.376362
-0.377863
-0.433081
-0.433084
-0.34333
-0.392425
-0.376047
-0.369897
-0.325123
-0.307415
-0.34834
-0.374056
-0.349999
-0.388688
-0.37454
-0.33936
-0.398052
-0.37882
-0.432677
-0.387435
-0.397853
-0.398396
-0.418896
-0.37701
-0.40933
-0.457354
-0.405984
-0.38334
-0.440187
-0.451814
-0.430011
-0.38647
-0.340336
-0.461512
-0.515719
-0.453947
-0.411349
-0.410175
-0.374828
-0.357344
-0.37068
-0.438659
-0.463749
-0.434358
-0.443094
-0.448361
-0.349403
-0.436246
-0.442034
-0.460094
-0.473881
-0.530391
-0.461054
-0.371741
-0.383456
-0.45446
-0.358585
-0.334291
-0.40405
-0.368287
-0.430383
-0.389871
-0.364641
-0.434974
-0.428834
-0.397466
-0.377916
-0.398006
-0.363448
-0.354923
-0.354099
-0.354373
-0.312362
-0.36049
-0.31412
-0.367473
-0.370527
-0.380429
-0.357612
-0.365361
-0.36726
-0.307232
-0.41833
-0.367925
-0.335533
-0.42881
-0.386119
-0.407746
-0.374726
-0.404553
-0.450081
-0.428352
-0.475873
-0.499338
-0.461076
-0.495645
-0.455272
-0.339021
-0.320475
-0.385545
-0.355258
-0.359337
-0.382531
-0.365521
-0.380586
-0.35295
-0.405117
-0.429029
-0.398141
-0.48262
-0.433442
-0.434982
-0.427484
-0.309519
-0.35361
-0.452577
-0.436239
-0.402063
-0.433913
-0.421966
-0.407487
-0.435698
-0.431675
-0.338746
-0.333606
-0.346909
-0.387779
-0.414555
-0.444451
-0.362534
-0.404535
-0.407724
-0.414341
-0.387389
-0.366575
-0.507372
-0.490354
-0.496697
-0.46983
-0.492601
-0.511141
-0.504713
-0.472547
-0.349715
-0.436397
-0.36425
-0.32784
-0.35102
-0.348849
-0.315408
-0.37341
-0.42633
-0.400779
-0.328204
-0.370746
-0.333458
-0.347213
-0.397084
-0.35529
-0.377862
-0.387615
-0.340017
-0.447772
-0.435414
-0.460479
-0.476918
-0.441388
-0.41001
-0.349101
-0.371161
-0.362201
-0.368936
-0.406211
-0.347921
-0.430503
-0.51912
-0.464561
-0.409632
-0.392895
-0.402749
-0.443993
-0.333114
-0.362998
-0.341763
-0.42144
-0.389244
-0.373464
-0.433474
-0.409652
-0.361422
-0.330343
-0.355262
-0.380497
-0.377156
-0.356793
-0.426345
-0.330865
-0.348755
-0.319092
-0.419762
-0.397327
-0.365882
-0.319735
-0.397446
-0.331879
-0.377734
-0.363048
-0.33132
-0.282245
-0.380769
-0.397163
-0.407092
-0.456703
-0.510061
-0.414116
-0.472442
-0.521479
-0.515979
-0.480075
-0.437307
-0.400859
-0.460433
-0.422007
-0.393161
-0.439394
-0.401496
-0.394746
-0.386836
-0.411345
-0.430978
-0.407773
-0.448311
-0.49918
-0.461186
-0.431564
-0.410788
-0.476644
-0.453961
-0.459383
-0.431119
-0.357459
-0.391112
-0.358782
-0.389511
-0.46024
-0.489545
-0.444014
-0.438022
-0.41224
-0.398107
-0.410478
-0.464129
-0.410834
-0.416603
-0.407186
-0.419052
-0.481481
-0.450394
-0.399986
-0.422284
-0.407529
-0.359427
-0.373061
-0.359031
-0.352941
-0.338228
-0.386487
-0.40401
-0.416664
-0.420599
-0.447447
-0.452769
-0.474616
-0.424424
-0.460628
-0.397088
-0.438428
-0.362383
-0.425871
-0.413698
-0.436058
-0.426646
-0.467705
-0.433554
-0.42982
-0.404992
-0.433308
-0.471185
-0.490634
-0.57051
-0.442542
-0.443087
-0.403799
-0.423824
-0.435053
-0.436563
-0.456859
-0.472738
-0.507842
-0.461218
-0.414287
-0.476488
-0.491159
-0.472182
-0.37363
-0.420886
-0.452661
-0.443939
-0.451478
-0.425466
-0.368466
-0.397294
-0.373637
-0.364696
-0.398941
-0.447344
-0.369775
-0.413396
-0.42243
-0.449748
-0.440155
-0.402149
-0.384839
-0.429059
-0.392392
-0.416981
-0.395848
-0.419624
-0.457903
-0.374562
-0.373514
-0.474617
-0.421938
-0.462288
-0.442352
-0.375046
-0.394141
-0.354527
-0.444386
-0.423629
-0.357048
-0.433001
-0.421954
-0.411051
-0.438066
-0.408427
-0.433617
-0.414697
-0.36013
-0.355453
-0.336922
-0.28358
-0.346448
-0.384828
-0.334282
-0.391352
-0.418209
-0.426605
-0.372091
-0.392314
-0.432506
-0.454545
-0.446968
-0.486175
-0.483715
-0.431849
-0.42154
-0.442148
-0.353658
-0.403258
-0.405194
-0.32702
-0.426289
-0.413864
-0.406935
-0.421415
-0.407782
-0.436441
-0.469675
-0.443816
-0.441546
