             50        -1.0033       -1.00373    0.000129368            0.5
             50      -0.965253      -0.964818    0.000181567            0.6
             50      -0.911613      -0.912835    0.000145976            0.7
             50      -0.861802      -0.861362    0.000133179            0.8
             50      -0.812797       -0.81302      9.638e-05            0.9
             50      -0.767147      -0.767299    0.000102489              1
             50      -0.725186      -0.725024    8.50194e-05            1.1
             50      -0.685532      -0.685541    7.00654e-05            1.2
             50      -0.647815      -0.648897    6.31296e-05            1.3
             50      -0.616249      -0.615408    6.36256e-05            1.4
             50      -0.584148        -0.5844    5.87446e-05            1.5
             50      -0.556541      -0.556033     6.4447e-05            1.6
             50      -0.529356      -0.529852    5.04082e-05            1.7
             50      -0.506173      -0.505731    6.06415e-05            1.8
             50      -0.483912      -0.483529    5.05689e-05            1.9
             50      -0.463144      -0.462999     4.9309e-05              2
