             50        0.26366       0.259579     0.00179906            0.5
             50       0.480874       0.488204    0.000718718            0.6
             50       0.523225       0.525729    0.000826897            0.7
             50       0.492397       0.499352    0.000694972            0.8
             50       0.465343       0.469698    0.000532159            0.9
             50       0.439868       0.439744    0.000374029              1
             50       0.409265       0.409861    0.000301229            1.1
             50        0.37778       0.379411    0.000218662            1.2
             50       0.349088       0.350213    0.000204202            1.3
             50       0.323234       0.322427    0.000203038            1.4
             50       0.297199       0.296234    0.000159603            1.5
             50       0.270513        0.27262    0.000153402            1.6
             50       0.250325       0.251111    0.000121693            1.7
             50       0.231076       0.231425     0.00010769            1.8
             50        0.21304       0.213587    0.000103327            1.9
             50       0.196987       0.197652    9.12311e-05              2
