             50        12.5666        11.1982       0.403745            0.5
             50         18.995        18.8136       0.208255            0.6
             50         18.084        17.9914      0.0795038            0.7
             50         12.914        13.3028      0.0338785            0.8
             50        9.69938        9.66261      0.0175813            0.9
             50        7.16858        7.15667      0.0122579              1
             50        5.43085        5.50007     0.00834933            1.1
             50        4.39078        4.36593     0.00487958            1.2
             50         3.4894        3.55341     0.00372281            1.3
             50        3.01599        2.96319     0.00333269            1.4
             50        2.50372        2.51562     0.00217387            1.5
             50        2.19258        2.17867     0.00186998            1.6
             50        1.89656        1.90413     0.00135433            1.7
             50        1.68763        1.68407     0.00150948            1.8
             50        1.51147        1.50463     0.00109584            1.9
             50        1.35651        1.35689    0.000955284              2
