0.8
0.799923
0.799692
0.799306
0.798768
0.798076
0.797231
0.796234
0.795085
0.793784
0.792333
0.790731
0.788979
0.787079
0.785031
0.782835
0.780493
0.778007
0.775377
0.772604
0.76969
0.766635
0.763443
0.760115
0.75665
0.75305
0.749316
0.745449
0.74145
0.737322
0.733066
0.728683
0.724174
0.719541
0.714785
0.709908
0.704911
0.699796
0.694566
0.689223
0.683768
0.678203
0.67253
0.666753
0.660874
0.654895
0.64882
0.642649
0.636387
0.630035
0.623597
0.617076
0.610475
0.603799
0.59705
0.590231
0.583348
0.576402
0.569398
0.56234
0.555231
0.548075
0.540876
0.533639
0.526368
0.519067
0.51174
0.504393
0.497028
0.489652
0.482269
0.474883
0.467499
0.460122
0.452757
0.445408
0.438081
0.43078
0.42351
0.416276
0.409082
0.401935
0.394839
0.387798
0.380818
0.373903
0.367058
0.360288
0.353597
0.34699
0.340473
0.334048
0.32772
0.321493
0.315372
0.30936
0.303461
0.29768
0.292019
0.286482
0.281073
0.275795
0.270651
0.265643
0.260774
0.256048
0.251465
0.24703
0.242742
0.238605
0.234619
0.230787
0.22711
0.223588
0.220223
0.217016
0.213966
0.211074
0.20834
0.205765
0.203347
0.201087
0.198984
0.197036
0.195244
0.193606
0.192121
0.190788
0.189604
0.188569
0.18768
0.186935
0.186332
0.18587
0.185545
0.185355
0.185298
0.185371
0.185571
0.185895
0.186341
0.186905
0.187584
0.188376
0.189276
0.190283
0.191392
0.1926
0.193904
0.195301
0.196787
0.198358
0.200013
0.201746
0.203555
0.205436
0.207386
0.209402
0.21148
0.213617
0.21581
0.218055
0.220349
0.22269
0.225073
0.227497
0.229958
0.232454
0.23498
0.237535
0.240114
0.242716
0.245337
0.247975
0.250627
0.253291
0.255964
0.258643
0.261327
0.264013
0.266699
0.269383
0.272062
0.274734
0.277398
0.280052
0.282692
0.285319
0.28793
0.290524
0.293098
0.295652
0.298183
0.300691
0.303173
0.305629
0.308057
0.310456
0.312826
0.315164
0.317471
0.319743
0.321982
0.324185
0.326352
0.328482
0.330574
0.332627
0.334641
0.336614
0.338547
0.34044
0.34229
0.344099
0.345864
0.347586
0.349264
0.350897
0.352486
0.35403
0.355528
0.356981
0.358389
0.359751
0.361066
0.362336
0.36356
0.364737
0.365869
0.366955
0.367994
0.368987
0.369935
0.370837
0.371693
0.372503
0.373268
0.373988
0.374663
0.375292
0.375878
0.376419
0.376917
0.377372
0.377785
0.378156
0.378485
0.378773
0.379022
0.379233
0.379404
0.379537
0.379633
0.379692
0.379715
0.379703
0.379658
0.37958
0.379469
0.379326
0.379154
0.378953
0.378725
0.378469
0.378188
0.377882
0.377552
0.3772
0.376826
0.376432
0.376019
0.375588
0.375141
0.374679
0.374203
0.373715
0.373216
0.372707
0.37219
0.371665
0.371135
0.370601
0.370065
0.369526
0.368988
0.368452
0.367919
0.36739
0.366867
0.366351
0.365845
0.365348
0.364863
0.36439
0.363931
0.363486
0.363057
0.362645
0.362252
0.361877
0.361522
0.361189
0.360879
0.360591
0.360328
0.36009
0.359878
0.359692
0.359534
0.359403
0.359302
0.359231
0.35919
0.359179
0.359199
0.359251
0.359333
0.359448
0.359594
0.359773
0.359985
0.36023
0.360507
0.360816
0.361157
0.361531
0.361937
0.362375
0.362843
0.363343
0.363874
0.364435
0.365027
0.365648
0.366299
0.366978
0.367685
0.368419
0.36918
0.369968
0.370781
0.371619
0.37248
0.373365
0.374272
0.3752
0.376148
0.377115
0.3781
0.379102
0.38012
0.381153
0.3822
0.38326
0.384332
0.385415
0.386508
0.387611
0.388721
0.389837
0.390959
0.392086
0.393216
0.394349
0.395482
0.396616
0.397749
0.39888
0.400009
0.401135
0.402256
0.40337
0.404478
0.405579
0.406672
0.407755
0.408828
0.409891
0.410942
0.41198
0.413006
0.414018
0.415015
0.415998
0.416964
0.417914
0.418849
0.419768
0.42067
0.421554
0.42242
0.423267
0.424095
0.424905
0.425696
0.426467
0.427219
0.42795
0.428661
0.429352
0.430022
0.430673
0.431304
0.431914
0.432505
0.433075
0.433625
0.434156
0.434667
0.435158
0.43563
0.436083
0.436517
0.436933
0.437331
0.437713
0.438077
0.438424
0.438755
0.43907
0.439369
0.439654
0.439924
0.44018
0.440422
0.440652
0.440869
0.441074
0.441267
0.441451
0.441624
0.441787
0.44194
0.442084
0.44222
0.442348
0.442467
0.442579
0.442684
0.442783
0.442875
0.442963
0.443044
0.44312
0.44319
0.443256
0.443317
0.443372
0.443423
0.44347
0.443513
0.443551
0.443585
0.443614
0.443638
0.443658
0.443674
0.443684
0.44369
0.44369
0.443685
0.443674
0.443657
0.443634
0.443603
0.443566
0.44352
0.443465
0.443403
0.443331
0.44325
0.44316
0.443059
0.442948
0.442826
0.442693
0.442547
0.442389
0.442218
0.442034
0.441837
0.441626
0.4414
0.441159
0.440902
0.440628
0.440339
0.440033
0.439709
0.439368
0.439009
0.438631
0.438236
0.437822
0.437391
0.43694
0.436471
0.435984
0.435478
0.434954
0.434412
0.43385
0.433271
0.432673
0.432058
0.431425
0.430774
0.430107
0.429423
0.428722
0.428006
0.427274
0.426527
0.425767
0.424994
0.424208
0.423411
0.422601
0.42178
0.420949
0.420108
0.419259
0.418402
0.417538
0.416669
0.415795
0.414917
0.414037
0.413155
0.412273
0.411391
0.410511
0.409633
0.40876
0.407891
0.407028
0.406172
0.405324
0.404486
0.403658
0.402842
0.402039
0.401252
0.40048
0.399725
0.398988
0.39827
0.397573
0.396898
0.396246
0.395618
0.395015
0.394438
0.393888
0.393367
0.392875
0.392414
0.391984
0.391586
0.391221
0.39089
0.390595
0.390335
0.390112
0.389927
0.389779
0.38967
0.389601
0.389571
0.389581
0.389632
0.389724
0.389858
0.390034
0.390252
0.390512
0.390814
0.391158
0.391545
0.391973
0.392444
0.392957
0.393511
0.394106
0.394741
0.395417
0.396133
0.39689
0.397686
0.398519
0.39939
0.400298
0.40124
0.402218
0.403229
0.404273
0.405349
0.406456
0.407593
0.408758
0.409951
0.41117
0.412415
0.413684
0.414975
0.416287
0.41762
0.418971
0.420338
0.421721
0.423118
0.424528
0.425949
0.42738
0.428818
0.430263
0.431713
0.433167
0.434624
0.436082
0.437541
0.438998
0.44045
0.441898
0.44334
0.444774
0.4462
0.447616
0.44902
0.450411
0.451787
0.453148
0.454492
0.455818
0.457124
0.458409
0.459673
0.460915
0.462134
0.463328
0.464496
0.465638
0.466752
0.467839
0.468896
0.469923
0.470918
0.471882
0.472814
0.473714
0.474579
0.475412
0.47621
0.476973
0.477701
0.478392
0.479047
0.479664
0.480244
0.480786
0.48129
0.481757
0.482185
0.482574
0.482924
0.483235
0.483506
0.483739
0.483931
0.484085
0.484199
0.484275
0.484312
0.48431
0.484269
0.484189
0.484071
0.483915
0.483722
0.483492
0.483224
0.482919
0.482578
0.482199
0.481785
0.481335
0.480851
0.480332
0.47978
0.479195
0.478577
0.477927
0.477246
0.476535
0.475793
0.475022
0.474222
0.473393
0.472536
0.471652
0.470741
0.469804
0.468842
0.467856
0.466846
0.465813
0.464758
0.463682
0.462585
0.461469
0.460335
0.459183
0.458014
0.45683
0.455631
0.454417
0.45319
0.451951
0.4507
0.449438
0.448166
0.446885
0.445597
0.444302
0.443001
0.441694
0.440384
0.439071
0.437756
0.436439
0.435121
0.433803
0.432486
0.431171
0.429858
0.428548
0.427243
0.425944
0.42465
0.423362
0.42208
0.420806
0.419541
0.418285
0.417039
0.415804
0.414579
0.413367
0.412166
0.410978
0.409803
0.408642
0.407495
0.406364
0.405248
0.404148
0.403065
0.401998
0.400949
0.399917
0.398904
0.397908
0.396932
0.395975
0.395038
0.394121
0.393224
0.392347
0.391491
0.390656
0.389841
0.389047
0.388275
0.387523
0.386793
0.386084
0.385396
0.384729
0.384084
0.38346
0.382858
0.382277
0.381716
0.381176
0.380657
0.380158
0.379679
0.37922
0.378781
0.378362
0.377963
0.377583
0.377222
0.37688
0.376557
0.376251
0.375964
0.375694
0.37544
0.375204
0.374985
0.374782
0.374594
0.374421
0.374263
0.37412
0.373991
0.373877
0.373776
0.373688
0.373613
0.37355
0.373498
0.373459
0.373432
0.373415
0.373408
0.373412
0.373425
0.373448
0.37348
0.37352
0.373568
0.373625
0.373688
0.37376
0.373839
0.373924
0.374017
0.374117
0.374223
0.374335
0.374452
0.374574
0.374701
0.374832
0.374968
0.375108
0.375253
0.375402
0.375555
0.375712
0.375874
0.376039
0.376208
0.376381
0.376557
0.376737
0.37692
0.377107
0.377296
0.377489
0.377685
0.377884
0.378087
0.378292
0.378501
0.378713
0.378928
0.379147
0.379368
0.379592
0.37982
0.380052
0.380287
0.380525
0.380767
0.381012
0.381261
0.381513
0.381768
0.382027
0.382289
0.382554
0.382822
0.383094
0.383368
0.383646
0.383926
0.384209
0.384495
0.384783
0.385074
0.385366
0.385661
0.385958
0.386256
0.386555
0.386856
0.387157
0.38746
0.387763
0.388067
0.388371
0.388677
0.388983
0.389291
0.389599
0.389907
0.390216
0.390524
0.390831
0.391139
0.391446
0.391753
0.39206
0.392366
0.392671
0.392974
0.393276
0.393577
0.393877
0.394175
0.394471
0.394766
0.395059
0.39535
0.395639
0.395928
0.396214
0.396498
0.396781
0.397063
0.397342
0.397618
0.397892
0.398164
0.398434
0.3987
0.398964
0.399225
0.399484
0.39974
0.399993
0.400244
0.400491
0.400736
0.400977
0.401214
0.401447
0.401677
0.401903
0.402125
0.402343
0.402556
0.402765
0.402969
0.403168
0.403362
0.403551
0.403733
0.40391
0.404081
0.404246
0.404404
0.404557
0.404704
0.404845
0.404979
0.405106
0.405226
0.405338
0.405442
0.405538
0.405626
0.405706
0.405778
0.405841
0.405896
0.405941
0.405977
0.406004
0.406022
0.40603
0.406029
0.406018
0.405998
0.405969
0.405931
0.405883
0.405825
0.405757
0.405678
0.40559
0.405491
0.405384
0.405267
0.40514
0.405002
0.404855
0.404697
0.404528
0.40435
0.404163
0.403966
0.403759
0.403543
0.403317
0.403082
0.402839
0.402587
0.402326
0.402057
0.401779
0.401494
0.401201
0.4009
0.400591
0.400276
0.399953
0.399624
0.399289
0.398947
0.398601
0.398249
0.397893
0.397532
0.397166
0.396796
0.396422
0.396044
0.395664
0.395281
0.394895
0.394509
0.394121
0.393733
0.393344
0.392954
0.392566
0.392178
0.391792
0.391408
0.391026
0.390646
0.390269
0.389895
0.389526
0.389161
0.3888
0.388445
0.388095
0.387752
0.387416
0.387088
0.386768
0.386457
0.386157
0.385866
0.385586
0.385316
0.385057
0.384811
0.384576
0.384355
0.384147
0.383953
0.383773
0.383608
0.38346
0.383328
0.383213
0.383114
0.383033
0.382969
0.382923
0.382894
0.382884
0.382893
0.38292
0.382967
0.383033
0.383118
0.383223
0.383349
0.383495
0.383662
0.383848
0.384055
0.38428
0.384526
0.384791
0.385075
0.38538
0.385703
0.386046
0.386407
0.386787
0.387186
0.387604
0.38804
0.388493
0.388964
0.389451
0.389954
0.390473
0.391007
0.391556
0.392118
0.392694
0.393282
0.393882
0.394493
0.395115
0.395747
0.39639
0.397041
0.3977
0.398367
0.399041
0.399722
0.400409
0.401102
0.4018
0.402502
0.403208
0.403917
0.404628
0.405341
0.406054
0.406768
0.407482
0.408195
0.408906
0.409616
0.410325
0.41103
0.411732
0.412431
0.413126
0.413817
0.414503
0.415184
0.415861
0.416532
0.417196
0.417855
0.418507
0.419152
0.419791
0.420423
0.421048
0.421665
0.422275
0.422876
0.423469
0.424053
0.424628
0.425194
0.425752
0.4263
0.42684
0.42737
0.427892
0.428404
0.428907
0.429401
0.429886
0.430362
0.430829
0.431286
0.431736
0.432177
0.432609
0.433033
0.433448
0.433854
0.434252
0.434642
0.435023
0.435396
0.435761
0.436118
0.436467
0.436808
0.437142
0.437467
0.437783
0.438092
0.438392
0.438684
0.438968
0.439246
0.439516
0.439779
0.440034
0.44028
0.440519
0.44075
0.440972
0.441187
0.441393
0.441592
0.441782
0.441965
0.442139
0.442306
0.442464
0.442614
0.442756
0.442888
0.443013
0.443129
0.443236
0.443334
0.443423
0.443504
0.443575
0.443638
0.443691
0.443737
0.443773
0.4438
0.443818
0.443828
0.443827
0.443817
0.443796
0.443764
0.443723
0.443671
0.443609
0.443536
0.443454
0.443362
0.44326
0.443147
0.443023
0.442889
0.442744
0.442589
0.442422
0.442243
0.442055
0.441855
0.441646
0.441426
0.441194
0.440953
0.440701
0.44044
0.440168
0.439885
0.439592
0.439289
0.438976
0.438652
0.43832
0.437978
0.437629
0.43727
0.436903
0.436527
0.436144
0.435754
0.435357
0.434952
0.434542
0.434127
0.433704
0.433275
0.43284
0.4324
0.431954
0.431503
0.431048
0.430589
0.430126
0.429661
0.429192
0.428721
0.428248
0.427773
0.427298
0.426821
0.426343
0.425865
0.425387
0.42491
0.424435
0.423961
0.423489
0.423018
0.422549
0.422082
0.421617
0.421156
0.420699
0.420245
0.419795
0.419347
0.418904
0.418463
0.418026
0.417592
0.417163
0.416737
0.416316
0.415899
0.415487
0.41508
0.414678
0.41428
0.413886
0.413498
0.413114
0.412735
0.412362
0.411992
0.411628
0.411268
0.410913
0.410563
0.410217
0.409876
0.409541
0.409212
0.408888
0.408571
0.408259
0.407952
0.40765
0.407353
0.407062
0.406778
0.406501
0.40623
0.405965
0.405707
0.405456
0.405211
0.404973
0.404742
0.404519
0.404303
0.404095
0.403894
0.403702
0.403517
0.403341
0.403174
0.403015
0.402866
0.402725
0.402593
0.40247
0.402357
0.402255
0.402162
0.40208
0.402008
0.401946
0.401896
0.401858
0.40183
0.401814
0.401808
0.401812
0.401829
0.401857
0.401896
0.401946
0.402007
0.40208
0.402163
0.402259
0.402366
0.402482
0.402609
0.402746
0.402893
0.40305
0.403217
0.403392
0.403576
0.403768
0.403966
0.404172
0.404385
0.404605
0.40483
0.40506
0.405295
0.405534
0.405777
0.406022
0.40627
0.40652
0.406771
0.407022
0.407273
0.407523
0.407772
0.408019
0.408264
0.408504
0.408742
0.408974
0.409202
0.409423
0.409638
0.409847
0.41005
0.410246
0.410433
0.410611
0.41078
0.410939
0.411087
0.411226
0.411354
0.411471
0.411576
0.411669
0.411749
0.411816
0.41187
0.411911
0.411939
0.411953
0.411953
0.411939
0.411912
0.411871
0.411816
0.411748
0.411667
0.411572
0.411464
0.411343
0.41121
0.411063
0.410903
0.410731
0.410547
0.410351
0.410143
0.409925
0.409696
0.409458
0.40921
0.408952
0.408686
0.408412
0.408131
0.407842
0.407547
0.407244
0.406936
0.406622
0.406303
0.40598
0.405652
0.405321
0.404987
0.404651
0.404313
0.403973
0.403633
0.403292
0.40295
0.40261
0.40227
0.401932
0.401597
0.401265
0.400936
0.40061
0.400288
0.39997
0.399656
0.399347
0.399045
0.398748
0.398457
0.398173
0.397895
0.397623
0.397359
0.397102
0.396855
0.396616
0.396386
0.396165
0.395953
0.395751
0.395559
0.395377
0.395205
0.395043
0.394892
0.394751
0.394621
0.394502
0.394394
0.394296
0.39421
0.394135
0.394072
0.39402
0.393979
0.393951
0.393935
0.39393
0.393937
0.393955
0.393986
0.394029
0.394083
0.394148
0.394225
0.394314
0.394414
0.394526
0.394649
0.394783
0.394928
0.395084
0.395251
0.395428
0.395616
0.395813
0.396021
0.396238
0.396466
0.396702
0.396948
0.397203
0.397467
0.39774
0.39802
0.398309
0.398606
0.398911
0.399223
0.399542
0.399868
0.400201
0.40054
0.400887
0.40124
0.401597
0.40196
0.402327
0.402699
0.403075
0.403456
0.403841
0.40423
0.404623
0.405019
0.405418
0.40582
0.406225
0.406633
0.407042
0.407453
0.407866
0.408281
0.408697
0.409113
0.409532
0.409951
0.410373
0.410794
0.411217
0.411639
0.412061
0.412482
0.412902
0.413321
0.413738
0.414155
0.414571
0.414986
0.415398
0.415807
0.416214
0.416618
0.417019
0.417416
0.417809
0.418199
0.418584
0.418965
0.419341
0.419713
0.420079
0.420439
0.420793
0.42114
0.421481
0.421816
0.422142
0.422461
0.422772
0.423075
0.423369
0.423655
0.423932
0.424199
0.424457
0.424705
0.424942
0.425168
0.425382
0.425584
0.425773
0.42595
0.426115
0.426268
0.426408
0.426534
0.426646
0.426744
0.426829
0.4269
0.426955
0.426996
0.427021
0.427032
0.427026
0.427005
0.426968
0.426915
0.426846
0.426761
0.426661
0.426545
0.426414
0.426266
0.426103
0.425923
0.425727
0.425514
0.425286
0.425043
0.424783
0.424509
0.424219
0.423915
0.423595
0.423261
0.422914
0.422554
0.422181
0.421794
0.421395
0.420983
0.420558
0.420122
0.419674
0.419215
0.418744
0.418263
0.417772
0.417272
0.416762
0.416244
0.415718
0.415185
0.414645
0.414099
0.413547
0.412989
0.412426
0.411859
0.411287
0.410713
0.410136
0.409556
0.408974
0.40839
0.407806
0.407222
0.406637
0.406053
0.405471
0.40489
0.404311
0.403737
0.403166
0.402598
0.402036
0.401478
0.400926
0.40038
0.399842
0.399311
0.398788
0.398274
0.397769
0.397273
0.396788
0.396313
0.39585
0.395399
0.394961
0.394536
0.394124
0.393725
0.393339
0.392969
0.392613
0.392271
0.391946
0.391635
0.39134
0.391061
0.390797
0.39055
0.390319
0.390105
0.389908
0.389727
0.389564
0.389417
0.389288
0.389176
0.389082
0.389005
0.388947
0.388907
0.388884
0.388878
0.388889
0.388917
0.388962
0.389024
0.389102
0.389195
0.389305
0.389429
0.389568
0.389721
0.389889
0.39007
0.390264
0.390471
0.390691
0.390923
0.391168
0.391423
0.39169
0.391968
0.392254
0.39255
0.392854
0.393165
0.393483
0.393808
0.394139
0.394475
0.394816
0.39516
0.395508
0.39586
0.396213
0.396569
0.396925
0.397281
0.397638
0.397995
0.398351
0.398705
0.399057
0.399406
0.399752
0.400094
0.400432
0.400766
0.401095
0.40142
0.40174
0.402054
0.402363
0.402666
0.402962
0.403252
0.403535
0.403811
0.40408
0.404343
0.404598
0.404845
0.405085
0.405318
0.405544
0.405763
0.405976
0.406181
0.406381
0.406574
0.406763
0.406945
0.407122
0.407294
0.407461
0.407623
0.40778
0.407932
0.408079
0.408223
0.408364
0.408502
0.408636
0.40877
0.408902
0.409034
0.409165
0.409296
0.409428
0.409559
0.409692
0.409827
0.409964
0.410102
0.410244
0.410389
0.410537
0.41069
0.410846
0.411006
0.411171
0.411341
0.411516
0.411698
0.411887
0.412082
0.412283
0.412492
0.412708
0.412931
0.413161
0.4134
0.413646
0.4139
0.414163
0.414434
0.414713
0.415001
0.415297
0.415601
0.415913
0.416234
0.416564
0.416901
0.417245
0.417597
0.417957
0.418325
0.418699
0.41908
0.419467
0.419861
0.420262
0.420668
0.421079
0.421494
0.421914
0.422338
0.422765
0.423194
0.423626
0.424059
0.424493
0.424927
0.425361
0.425794
0.426226
0.426656
0.427085
0.427511
0.427933
0.42835
0.428763
0.42917
0.429569
0.429961
0.430345
0.43072
0.431085
0.43144
0.431784
0.432118
0.432441
0.43275
0.433047
0.43333
0.433598
0.433849
0.434085
0.434303
0.434504
0.434686
0.43485
0.434994
0.435118
0.435222
0.435303
0.435363
0.435399
0.435412
0.435401
0.435365
0.435305
0.435219
0.435107
0.434969
0.434805
0.434613
0.434395
0.43415
0.433877
0.433576
0.433248
0.432891
0.432506
0.432092
0.431648
0.431174
0.430672
0.43014
0.42958
0.428991
0.428373
0.427727
0.427054
0.426353
0.425624
0.424866
0.424081
0.423269
0.42243
0.421564
0.420673
0.419757
0.418817
0.417853
0.416865
0.415854
0.414821
0.413768
0.412694
0.4116
0.410489
0.409359
0.408213
0.407051
0.405875
0.404684
0.403481
0.402266
0.40104
0.399806
0.398564
0.397315
0.396061
0.394802
0.393539
0.392275
0.391009
0.389744
0.388481
0.387221
0.385966
0.384716
0.383473
0.382237
0.381011
0.379794
0.37859
0.377398
0.376221
0.37506
0.373917
0.372791
0.371684
0.370597
0.369531
0.368488
0.367468
0.366472
0.3655
0.364553
0.363633
0.362741
0.361877
0.361042
0.360236
0.359461
0.358716
0.358003
0.357321
0.356672
0.356055
0.355471
0.35492
0.354403
0.35392
