1.983
1.98298
1.98293
1.98284
1.98271
1.98254
1.98234
1.98211
1.98183
1.98152
1.98118
1.98079
1.98037
1.97991
1.97941
1.97888
1.9783
1.97769
1.97703
1.97633
1.9756
1.97482
1.974
1.97314
1.97223
1.97128
1.97028
1.96924
1.96815
1.96702
1.96583
1.9646
1.96331
1.96198
1.96059
1.95915
1.95765
1.9561
1.9545
1.95283
1.95111
1.94933
1.94748
1.94558
1.9436
1.94157
1.93947
1.9373
1.93505
1.93274
1.93036
1.9279
1.92536
1.92275
1.92005
1.91728
1.91442
1.91147
1.90844
1.90532
1.90212
1.89882
1.89542
1.89193
1.88834
1.88466
1.88087
1.87697
1.87298
1.86887
1.86465
1.86033
1.85589
1.85133
1.84666
1.84187
1.83696
1.83193
1.82678
1.8215
1.81609
1.81056
1.8049
1.7991
1.79318
1.78712
1.78092
1.7746
1.76813
1.76153
1.7548
1.74792
1.74091
1.73376
1.72648
1.71905
1.7115
1.7038
1.69597
1.68801
1.67991
1.67168
1.66333
1.65485
1.64624
1.63751
1.62867
1.61971
1.61063
1.60145
1.59216
1.58277
1.57328
1.56371
1.55404
1.54429
1.53447
1.52457
1.51461
1.50459
1.49452
1.4844
1.47424
1.46405
1.45383
1.44359
1.43334
1.42309
1.41284
1.4026
1.39237
1.38218
1.37201
1.36189
1.35181
1.34179
1.33183
1.32194
1.31212
1.30239
1.29275
1.2832
1.27376
1.26443
1.25521
1.24611
1.23714
1.22831
1.21961
1.21105
1.20264
1.19438
1.18628
1.17834
1.17056
1.16295
1.15552
1.14825
1.14116
1.13425
1.12752
1.12097
1.1146
1.10843
1.10243
1.09663
1.09101
1.08558
1.08034
1.07529
1.07043
1.06575
1.06126
1.05696
1.05284
1.0489
1.04514
1.04156
1.03816
1.03494
1.03189
1.029
1.02629
1.02374
1.02135
1.01913
1.01705
1.01514
1.01337
1.01174
1.01026
1.00892
1.00772
1.00665
1.0057
1.00488
1.00418
1.0036
1.00314
1.00278
1.00253
1.00238
1.00233
1.00237
1.00251
1.00273
1.00303
1.00342
1.00387
1.00441
1.00501
1.00567
1.0064
1.00718
1.00802
1.00891
1.00984
1.01082
1.01184
1.01289
1.01398
1.01509
1.01623
1.0174
1.01858
1.01978
1.021
1.02223
1.02347
1.02471
1.02596
1.0272
1.02845
1.02969
1.03093
1.03217
1.03339
1.0346
1.03581
1.037
1.03818
1.03934
1.04049
1.04162
1.04274
1.04384
1.04493
1.046
1.04705
1.04809
1.04912
1.05013
1.05113
1.05212
1.0531
1.05407
1.05503
1.05598
1.05694
1.05789
1.05884
1.05979
1.06075
1.06171
1.06268
1.06365
1.06464
1.06565
1.06666
1.06769
1.06874
1.06981
1.07089
1.072
1.07313
1.07428
1.07545
1.07665
1.07787
1.07911
1.08038
1.08167
1.08298
1.08431
1.08566
1.08704
1.08843
1.08984
1.09126
1.0927
1.09415
1.09561
1.09708
1.09856
1.10004
1.10153
1.10301
1.10449
1.10597
1.10744
1.10891
1.11036
1.1118
1.11323
1.11464
1.11604
1.11741
1.11876
1.12009
1.12139
1.12266
1.12391
1.12513
1.12631
1.12747
1.12859
1.12968
1.13073
1.13175
1.13274
1.13368
1.13459
1.13546
1.13629
1.13708
1.13784
1.13855
1.13922
1.13986
1.14045
1.14101
1.14152
1.14199
1.14243
1.14282
1.14317
1.14349
1.14376
1.144
1.14419
1.14434
1.14446
1.14453
1.14457
1.14456
1.14451
1.14443
1.1443
1.14413
1.14393
1.14368
1.14339
1.14306
1.14269
1.14228
1.14183
1.14133
1.14079
1.14021
1.13959
1.13892
1.13822
1.13746
1.13667
1.13583
1.13494
1.13402
1.13305
1.13203
1.13097
1.12987
1.12873
1.12754
1.12631
1.12503
1.12372
1.12236
1.12096
1.11952
1.11805
1.11653
1.11498
1.11339
1.11177
1.11011
1.10842
1.1067
1.10495
1.10317
1.10137
1.09955
1.0977
1.09584
1.09396
1.09206
1.09016
1.08825
1.08632
1.0844
1.08248
1.08055
1.07863
1.07672
1.07482
1.07293
1.07106
1.06921
1.06739
1.06558
1.06381
1.06206
1.06035
1.05868
1.05704
1.05545
1.05389
1.05239
1.05093
1.04953
1.04818
1.04688
1.04564
1.04446
1.04334
1.04228
1.04128
1.04035
1.03948
1.03868
1.03795
1.03728
1.03668
1.03615
1.03569
1.0353
1.03498
1.03473
1.03454
1.03443
1.03438
1.03439
1.03448
1.03463
1.03485
1.03513
1.03547
1.03588
1.03635
1.03687
1.03746
1.0381
1.0388
1.03956
1.04037
1.04123
1.04214
1.0431
1.04411
1.04517
1.04627
1.04742
1.04861
1.04984
1.05111
1.05242
1.05377
1.05515
1.05657
1.05801
1.05949
1.061
1.06254
1.06411
1.0657
1.06731
1.06895
1.07061
1.07229
1.07399
1.07571
1.07744
1.07919
1.08095
1.08272
1.0845
1.0863
1.0881
1.0899
1.09171
1.09353
1.09535
1.09716
1.09898
1.10079
1.10259
1.10439
1.10618
1.10796
1.10973
1.11148
1.11322
1.11493
1.11663
1.11831
1.11996
1.12158
1.12317
1.12474
1.12627
1.12777
1.12923
1.13065
1.13203
1.13336
1.13465
1.1359
1.13709
1.13824
1.13933
1.14037
1.14135
1.14228
1.14315
1.14396
1.1447
1.14539
1.14601
1.14657
1.14706
1.14749
1.14785
1.14814
1.14837
1.14852
1.14861
1.14863
1.14858
1.14846
1.14827
1.14801
1.14768
1.14729
1.14682
1.14629
1.14568
1.14502
1.14428
1.14348
1.14261
1.14168
1.14069
1.13963
1.13852
1.13734
1.13611
1.13481
1.13347
1.13207
1.13061
1.12911
1.12756
1.12596
1.12431
1.12263
1.1209
1.11914
1.11734
1.11551
1.11365
1.11177
1.10986
1.10793
1.10599
1.10404
1.10207
1.1001
1.09813
1.09616
1.0942
1.09224
1.09031
1.08839
1.08649
1.08462
1.08278
1.08098
1.07922
1.07751
1.07584
1.07423
1.07268
1.07119
1.06977
1.06842
1.06715
1.06595
1.06484
1.06383
1.0629
1.06207
1.06134
1.06071
1.06019
1.05978
1.05947
1.05928
1.0592
1.05924
1.0594
1.05967
1.06006
1.06057
1.06119
1.06193
1.06278
1.06374
1.0648
1.06597
1.06725
1.06862
1.07008
1.07164
1.07328
1.075
1.0768
1.07866
1.08059
1.08258
1.08463
1.08673
1.08887
1.09104
1.09326
1.0955
1.09777
1.10006
1.10237
1.10469
1.10701
1.10935
1.11168
1.11401
1.11634
1.11866
1.12097
1.12326
1.12554
1.12781
1.13005
1.13227
1.13447
1.13664
1.13879
1.1409
1.14299
1.14504
1.14707
1.14905
1.151
1.15291
1.15479
1.15662
1.1584
1.16014
1.16184
1.16348
1.16507
1.16662
1.1681
1.16953
1.1709
1.17221
1.17346
1.17464
1.17576
1.17681
1.17778
1.17869
1.17952
1.18027
1.18095
1.18154
1.18206
1.18249
1.18284
1.1831
1.18327
1.18336
1.18336
1.18328
1.1831
1.18283
1.18247
1.18203
1.18149
1.18087
1.18015
1.17935
1.17846
1.17749
1.17643
1.17528
1.17406
1.17275
1.17136
1.1699
1.16836
1.16675
1.16507
1.16332
1.16151
1.15964
1.1577
1.15571
1.15366
1.15157
1.14942
1.14723
1.14499
1.14272
1.1404
1.13806
1.13568
1.13327
1.13083
1.12837
1.12589
1.12339
1.12087
1.11834
1.11579
1.11322
1.11065
1.10807
1.10548
1.10288
1.10029
1.09768
1.09508
1.09248
1.08987
1.08727
1.08468
1.08209
1.0795
1.07692
1.07435
1.0718
1.06925
1.06672
1.0642
1.0617
1.05921
1.05675
1.05431
1.05189
1.04949
1.04713
1.04479
1.04248
1.0402
1.03797
1.03576
1.0336
1.03148
1.0294
1.02737
1.02538
1.02345
1.02156
1.01974
1.01796
1.01625
1.01459
1.013
1.01146
1.01
1.00859
1.00725
1.00598
1.00478
1.00365
1.00259
1.00159
1.00067
0.999822
0.999042
0.998333
0.997694
0.997125
0.996625
0.996194
0.995831
0.995535
0.995304
0.995138
0.995034
0.994991
0.995009
0.995085
0.995217
0.995403
0.995642
0.995931
0.996269
0.996653
0.997081
0.997552
0.998064
0.998613
0.999199
0.999819
1.00047
1.00115
1.00186
1.0026
1.00336
1.00414
1.00495
1.00577
1.00661
1.00747
1.00835
1.00923
1.01013
1.01104
1.01197
1.0129
1.01384
1.01479
1.01574
1.0167
1.01767
1.01864
1.01962
1.0206
1.02159
1.02258
1.02357
1.02457
1.02556
1.02657
1.02757
1.02858
1.02959
1.0306
1.03161
1.03262
1.03364
1.03465
1.03567
1.03669
1.03771
1.03873
1.03976
1.04078
1.0418
1.04283
1.04385
1.04488
1.0459
1.04692
1.04795
1.04897
1.04999
1.05101
1.05202
1.05304
1.05404
1.05505
1.05605
1.05705
1.05804
1.05903
1.06
1.06098
1.06194
1.06289
1.06384
1.06477
1.0657
1.06661
1.06751
1.0684
1.06927
1.07013
1.07097
1.07179
1.0726
1.07339
1.07416
1.07491
1.07564
1.07635
1.07704
1.07771
1.07835
1.07897
1.07956
1.08013
1.08067
1.08118
1.08167
1.08212
1.08255
1.08295
1.08331
1.08364
1.08395
1.08421
1.08445
1.08465
1.08481
1.08494
1.08503
1.08509
1.08511
1.0851
1.08505
1.08496
1.08483
1.08466
1.08446
1.08421
1.08393
1.08361
1.08325
1.08286
1.08242
1.08195
1.08144
1.08089
1.0803
1.07968
1.07902
1.07833
1.0776
1.07684
1.07604
1.07522
1.07436
1.07347
1.07255
1.0716
1.07062
1.06962
1.0686
1.06755
1.06648
1.06539
1.06427
1.06315
1.062
1.06084
1.05967
1.05849
1.05729
1.05609
1.05489
1.05368
1.05247
1.05125
1.05004
1.04884
1.04763
1.04644
1.04525
1.04407
1.04291
1.04175
1.04062
1.0395
1.0384
1.03733
1.03628
1.03525
1.03425
1.03328
1.03233
1.03142
1.03055
1.0297
1.02889
1.02812
1.02739
1.0267
1.02604
1.02543
1.02486
1.02433
1.02384
1.0234
1.023
1.02265
1.02233
1.02206
1.02184
1.02166
1.02152
1.02142
1.02137
1.02135
1.02138
1.02145
1.02155
1.02169
1.02187
1.02208
1.02232
1.0226
1.0229
1.02324
1.0236
1.024
1.02441
1.02485
1.02532
1.0258
1.02631
1.02684
1.02738
1.02795
1.02853
1.02912
1.02973
1.03036
1.031
1.03164
1.03231
1.03298
1.03366
1.03435
1.03505
1.03576
1.03648
1.0372
1.03793
1.03867
1.03941
1.04016
1.04091
1.04168
1.04244
1.04321
1.04399
1.04478
1.04556
1.04636
1.04716
1.04796
1.04878
1.04959
1.05042
1.05125
1.05209
1.05293
1.05378
1.05464
1.05551
1.05639
1.05727
1.05817
1.05907
1.05999
1.06092
1.06186
1.06282
1.06379
1.06477
1.06576
1.06678
1.0678
1.06885
1.06991
1.07099
1.07209
1.0732
1.07434
1.07549
1.07666
1.07786
1.07907
1.08031
1.08157
1.08284
1.08414
1.08546
1.08679
1.08815
1.08953
1.09092
1.09233
1.09376
1.09521
1.09667
1.09814
1.09963
1.10113
1.10264
1.10417
1.10569
1.10723
1.10877
1.11031
1.11186
1.1134
1.11494
1.11648
1.11802
1.11954
1.12106
1.12256
1.12406
1.12553
1.127
1.12844
1.12986
1.13126
1.13264
1.13399
1.13531
1.1366
1.13787
1.1391
1.14029
1.14145
1.14257
1.14366
1.1447
1.14571
1.14667
1.14759
1.14846
1.14929
1.15007
1.1508
1.15149
1.15212
1.15271
1.15324
1.15373
1.15416
1.15455
1.15488
1.15516
1.15539
1.15556
1.15569
1.15576
1.15578
1.15575
1.15566
1.15553
1.15535
1.15512
1.15483
1.15451
1.15413
1.15371
1.15324
1.15273
1.15218
1.15159
1.15096
1.15029
1.14958
1.14884
1.14806
1.14726
1.14643
1.14557
1.14469
1.14379
1.14287
1.14193
1.14098
1.14002
1.13905
1.13808
1.1371
1.13613
1.13516
1.13419
1.13324
1.13231
1.13139
1.13049
1.12962
1.12878
1.12797
1.12719
1.12646
1.12577
1.12512
1.12453
1.12398
1.12349
1.12306
1.12269
1.12238
1.12214
1.12196
1.12185
1.12181
1.12184
1.12194
1.1221
1.12234
1.12265
1.12302
1.12346
1.12396
1.12453
1.12516
1.12584
1.12658
1.12737
1.12821
1.12909
1.13001
1.13096
1.13194
1.13295
1.13398
1.13502
1.13608
1.13713
1.13819
1.13925
1.1403
1.14133
1.14234
1.14333
1.14429
1.14522
1.14611
1.14696
1.14777
1.14852
1.14923
1.14988
1.15047
1.151
1.15147
1.15187
1.1522
1.15246
1.15265
1.15276
1.1528
1.15276
1.15264
1.15244
1.15216
1.1518
1.15136
1.15083
1.15022
1.14953
1.14875
1.14789
1.14694
1.14591
1.1448
1.14361
1.14233
1.14098
1.13954
1.13802
1.13642
1.13475
1.133
1.13118
1.12928
1.12731
1.12527
1.12316
1.12099
1.11875
1.11646
1.1141
1.11169
1.10922
1.10671
1.10415
1.10155
1.09891
1.09623
1.09352
1.09078
1.08802
1.08523
1.08244
1.07963
1.07681
1.074
1.07119
1.06838
1.06559
1.06282
1.06006
1.05734
1.05465
1.052
1.04939
1.04683
1.04432
1.04187
1.03948
1.03716
1.03491
1.03273
1.03063
1.02862
1.02668
1.02484
1.02309
1.02144
1.01988
1.01842
1.01705
1.0158
1.01464
1.01359
1.01264
1.0118
1.01106
1.01042
1.00989
1.00946
1.00914
1.00891
1.00878
1.00874
1.0088
1.00895
1.00919
1.00951
1.00991
1.0104
1.01096
1.01159
1.01229
1.01305
1.01388
1.01477
1.01572
1.01671
1.01776
1.01885
1.01998
1.02115
1.02235
1.02358
1.02485
1.02614
1.02745
1.02879
1.03014
1.0315
1.03288
1.03427
1.03567
1.03707
1.03848
1.03989
1.0413
1.04271
1.04412
1.04552
1.04691
1.0483
1.04968
1.05105
1.05241
1.05375
1.05509
1.0564
1.0577
1.05899
1.06026
1.06151
1.06274
1.06395
1.06513
1.0663
1.06745
1.06857
1.06967
1.07074
1.07179
1.07282
1.07382
1.07479
1.07574
1.07665
1.07754
1.07841
1.07924
1.08005
1.08082
1.08157
1.08228
1.08297
1.08363
1.08425
1.08485
1.08542
1.08596
1.08646
1.08694
1.08739
1.08781
1.0882
1.08856
1.08889
1.08919
1.08947
1.08971
1.08993
1.09012
1.09029
1.09043
1.09054
1.09063
1.0907
1.09073
1.09075
1.09074
1.09071
1.09065
1.09057
1.09046
1.09034
1.09019
1.09002
1.08982
1.08961
1.08937
1.08911
1.08883
1.08852
1.0882
1.08785
1.08748
1.08708
1.08667
1.08623
1.08577
1.08529
1.08479
1.08426
1.08371
1.08314
1.08254
1.08193
1.08128
1.08062
1.07994
1.07923
1.0785
1.07775
1.07698
1.07618
1.07537
1.07454
1.07369
1.07282
1.07193
1.07103
1.07011
1.06917
1.06823
1.06727
1.06629
1.06531
1.06432
1.06332
1.06231
1.0613
1.06028
1.05926
1.05823
1.05721
1.05618
1.05516
1.05414
1.05313
1.05212
1.05112
1.05013
1.04914
1.04817
1.04721
1.04627
1.04534
1.04442
1.04353
1.04265
1.04179
1.04095
1.04014
1.03935
1.03859
1.03785
1.03714
1.03646
1.03581
1.03519
1.03461
1.03405
1.03354
1.03306
1.03262
1.03222
1.03186
1.03154
1.03127
1.03104
1.03085
1.03072
1.03063
1.03058
1.03059
1.03065
1.03076
1.03092
1.03113
1.0314
1.03171
1.03208
1.03251
1.03298
1.03351
1.03409
1.03473
1.03541
1.03614
1.03692
1.03775
1.03863
1.03955
1.04051
1.04151
1.04255
1.04363
1.04474
1.04588
1.04705
1.04825
1.04947
1.05071
1.05197
1.05324
1.05453
1.05583
1.05713
1.05844
1.05975
1.06106
1.06236
1.06366
1.06494
1.06621
1.06747
1.06871
1.06993
1.07112
1.07229
1.07344
1.07456
1.07564
1.0767
1.07772
1.07871
1.07966
1.08057
1.08144
1.08228
1.08307
1.08383
1.08454
1.08521
1.08584
1.08643
1.08697
1.08748
1.08794
1.08836
1.08874
1.08908
1.08938
1.08964
1.08987
1.09005
1.09021
1.09032
1.0904
1.09045
1.09047
1.09046
1.09042
1.09036
1.09027
1.09016
1.09003
1.08987
1.0897
1.08951
1.08931
1.08909
1.08887
1.08863
1.08839
1.08814
1.08788
1.08762
1.08736
1.0871
1.08685
1.08659
1.08634
1.08609
1.08585
1.08562
1.0854
1.08518
1.08498
1.08479
1.08461
1.08444
1.08429
1.08415
1.08402
1.08391
1.08381
1.08373
1.08366
1.0836
1.08356
1.08353
1.08352
1.08352
1.08353
1.08355
1.08358
1.08363
1.08369
1.08375
1.08383
1.08391
1.084
1.08409
1.08419
1.0843
1.08441
1.08452
1.08463
1.08474
1.08484
1.08495
1.08505
1.08515
1.08524
1.08533
1.08541
1.08548
1.08554
1.08559
1.08563
1.08566
1.08568
1.08568
1.08567
1.08564
1.0856
1.08555
1.08547
1.08539
1.08528
1.08516
1.08502
1.08486
1.08469
1.08449
1.08429
1.08406
1.08382
1.08356
1.08329
1.08301
1.08271
1.08239
1.08207
1.08173
1.08138
1.08102
1.08066
1.08028
1.0799
1.07951
1.07912
1.07872
1.07832
1.07792
1.07752
1.07713
1.07673
1.07634
1.07595
1.07557
1.07519
1.07483
1.07447
1.07412
1.07378
1.07346
1.07315
1.07286
1.07257
1.07231
1.07206
1.07183
1.07161
1.07142
1.07124
1.07108
1.07094
1.07081
1.07071
1.07063
1.07056
1.07052
1.07049
1.07049
1.0705
1.07053
1.07058
1.07065
1.07073
1.07083
1.07095
1.07108
1.07123
1.07139
1.07157
1.07175
1.07195
1.07216
1.07238
1.07261
1.07284
1.07309
1.07334
1.0736
1.07386
1.07413
1.0744
1.07468
1.07495
1.07523
1.07551
1.07578
1.07606
1.07633
1.0766
1.07687
1.07714
1.0774
1.07766
1.07791
1.07816
1.07841
1.07865
1.07888
1.07911
1.07933
1.07955
1.07977
1.07998
1.08019
1.08039
1.08059
1.08078
1.08097
1.08116
1.08135
1.08154
1.08172
1.08191
1.08209
1.08228
1.08246
1.08265
1.08284
1.08303
1.08323
1.08343
1.08363
1.08384
1.08405
1.08427
1.0845
1.08473
1.08496
1.0852
1.08545
1.0857
1.08597
1.08623
1.08651
1.08678
1.08707
1.08736
1.08765
1.08795
1.08825
1.08856
1.08886
1.08918
1.08949
1.0898
1.09012
1.09043
1.09075
1.09106
1.09137
1.09168
1.09198
1.09228
1.09258
1.09287
1.09315
1.09343
1.0937
1.09396
1.09422
1.09447
1.0947
1.09493
1.09515
1.09536
1.09556
1.09575
1.09592
1.09609
1.09625
1.0964
1.09653
1.09666
1.09678
1.09689
1.09699
1.09709
1.09717
1.09725
1.09732
1.09738
1.09744
1.0975
1.09755
1.09759
1.09763
1.09767
1.09771
1.09775
1.09778
1.09782
1.09785
1.09789
1.09793
1.09797
1.09801
1.09805
1.0981
1.09815
1.09821
1.09827
1.09833
1.0984
1.09848
1.09856
1.09864
1.09873
1.09883
1.09893
1.09903
1.09914
1.09926
1.09937
1.0995
1.09963
1.09976
1.0999
1.10004
1.10018
1.10033
1.10048
1.10063
1.10078
1.10093
1.10109
1.10124
1.1014
1.10155
1.10171
1.10186
1.10201
1.10216
1.1023
1.10244
1.10258
1.10271
1.10284
1.10296
1.10307
1.10318
1.10328
1.10337
1.10345
1.10352
1.10358
1.10363
1.10367
1.1037
1.10372
1.10372
1.1037
1.10367
1.10363
1.10356
1.10348
1.10339
1.10327
1.10313
1.10298
1.1028
1.1026
1.10238
1.10213
1.10186
1.10157
1.10125
1.10091
1.10054
1.10014
1.09972
1.09927
1.0988
1.09829
1.09776
1.09721
1.09662
1.09601
1.09537
1.0947
1.09401
1.09329
1.09255
1.09178
1.09099
1.09018
1.08935
1.0885
1.08763
1.08675
1.08585
1.08494
1.08401
1.08308
1.08214
1.0812
1.08026
1.07931
1.07837
1.07743
1.0765
1.07559
1.07468
1.07379
1.07292
1.07207
1.07125
1.07046
1.06969
1.06896
1.06827
1.06762
1.06701
1.06644
1.06593
1.06546
1.06505
1.06469
1.06439
1.06414
1.06396
1.06385
1.06379
1.0638
