1.2
1.2
1.2
1.2
1.2
1.2
1.2
1.2
1.2
1.2
1.2
1.2
1.2
1.2
1.2
1.2
1.2
1.20001
1.20001
1.20001
1.20001
1.20001
1.20001
1.20001
1.20001
1.20001
1.20001
1.20001
1.20001
1.20002
1.20002
1.20002
1.20002
1.20002
1.20002
1.20002
1.20002
1.20003
1.20003
1.20003
1.20003
1.20003
1.20003
1.20004
1.20004
1.20004
1.20004
1.20004
1.20004
1.20005
1.20005
1.20005
1.20005
1.20005
1.20006
1.20006
1.20006
1.20006
1.20006
1.20007
1.20007
1.20007
1.20007
1.20008
1.20008
1.20008
1.20008
1.20009
1.20009
1.20009
1.20009
1.2001
1.2001
1.2001
1.2001
1.20011
1.20011
1.20011
1.20012
1.20012
1.20012
1.20012
1.20013
1.20013
1.20013
1.20014
1.20014
1.20014
1.20015
1.20015
1.20015
1.20016
1.20016
1.20016
1.20017
1.20017
1.20018
1.20018
1.20018
1.20019
1.20019
1.20019
1.2002
1.2002
1.20021
1.20021
1.20021
1.20022
1.20022
1.20023
1.20023
1.20023
1.20024
1.20024
1.20025
1.20025
1.20026
1.20026
1.20027
1.20027
1.20027
1.20028
1.20028
1.20029
1.20029
1.2003
1.2003
1.20031
1.20031
1.20032
1.20032
1.20033
1.20033
1.20034
1.20034
1.20035
1.20035
1.20036
1.20036
1.20037
1.20038
1.20038
1.20039
1.20039
1.2004
1.2004
1.20041
1.20041
1.20042
1.20043
1.20043
1.20044
1.20044
1.20045
1.20046
1.20046
1.20047
1.20047
1.20048
1.20049
1.20049
1.2005
1.2005
1.20051
1.20052
1.20052
1.20053
1.20054
1.20054
1.20055
1.20056
1.20056
1.20057
1.20058
1.20058
1.20059
1.2006
1.20061
1.20061
1.20062
1.20063
1.20063
1.20064
1.20065
1.20066
1.20066
1.20067
1.20068
1.20068
1.20069
1.2007
1.20071
1.20072
1.20072
1.20073
1.20074
1.20075
1.20075
1.20076
1.20077
1.20078
1.20079
1.20079
1.2008
1.20081
1.20082
1.20083
1.20084
1.20084
1.20085
1.20086
1.20087
1.20088
1.20089
1.2009
1.2009
1.20091
1.20092
1.20093
1.20094
1.20095
1.20096
1.20097
1.20098
1.20098
1.20099
1.201
1.20101
1.20102
1.20103
1.20104
1.20105
1.20106
1.20107
1.20108
1.20109
1.2011
1.20111
1.20112
1.20113
1.20114
1.20115
1.20116
1.20117
1.20118
1.20119
1.2012
1.20121
1.20122
1.20123
1.20124
1.20125
1.20126
1.20127
1.20128
1.20129
1.2013
1.20131
1.20132
1.20133
1.20135
1.20136
1.20137
1.20138
1.20139
1.2014
1.20141
1.20142
1.20143
1.20145
1.20146
1.20147
1.20148
1.20149
1.2015
1.20151
1.20153
1.20154
1.20155
1.20156
1.20157
1.20159
1.2016
1.20161
1.20162
1.20163
1.20165
1.20166
1.20167
1.20168
1.2017
1.20171
1.20172
1.20173
1.20175
1.20176
1.20177
1.20178
1.2018
1.20181
1.20182
1.20184
1.20185
1.20186
1.20187
1.20189
1.2019
1.20191
1.20193
1.20194
1.20195
1.20197
1.20198
1.202
1.20201
1.20202
1.20204
1.20205
1.20206
1.20208
1.20209
1.20211
1.20212
1.20213
1.20215
1.20216
1.20218
1.20219
1.20221
1.20222
1.20224
1.20225
1.20226
1.20228
1.20229
1.20231
1.20232
1.20234
1.20235
1.20237
1.20238
1.2024
1.20241
1.20243
1.20245
1.20246
1.20248
1.20249
1.20251
1.20252
1.20254
1.20256
1.20257
1.20259
1.2026
1.20262
1.20264
1.20265
1.20267
1.20268
1.2027
1.20272
1.20273
1.20275
1.20277
1.20278
1.2028
1.20282
1.20283
1.20285
1.20287
1.20288
1.2029
1.20292
1.20294
1.20295
1.20297
1.20299
1.20301
1.20302
1.20304
1.20306
1.20308
1.20309
1.20311
1.20313
1.20315
1.20317
1.20318
1.2032
1.20322
1.20324
1.20326
1.20328
1.20329
1.20331
1.20333
1.20335
1.20337
1.20339
1.20341
1.20343
1.20344
1.20346
1.20348
1.2035
1.20352
1.20354
1.20356
1.20358
1.2036
1.20362
1.20364
1.20366
1.20368
1.2037
1.20372
1.20374
1.20376
1.20378
1.2038
1.20382
1.20384
1.20386
1.20388
1.2039
1.20392
1.20394
1.20396
1.20398
1.20401
1.20403
1.20405
1.20407
1.20409
1.20411
1.20413
1.20416
1.20418
1.2042
1.20422
1.20424
1.20426
1.20429
1.20431
1.20433
1.20435
1.20437
1.2044
1.20442
1.20444
1.20446
1.20449
1.20451
1.20453
1.20456
1.20458
1.2046
1.20462
1.20465
1.20467
1.20469
1.20472
1.20474
1.20477
1.20479
1.20481
1.20484
1.20486
1.20488
1.20491
1.20493
1.20496
1.20498
1.20501
1.20503
1.20505
1.20508
1.2051
1.20513
1.20515
1.20518
1.2052
1.20523
1.20525
1.20528
1.20531
1.20533
1.20536
1.20538
1.20541
1.20543
1.20546
1.20549
1.20551
1.20554
1.20556
1.20559
1.20562
1.20564
1.20567
1.2057
1.20572
1.20575
1.20578
1.2058
1.20583
1.20586
1.20589
1.20591
1.20594
1.20597
1.206
1.20602
1.20605
1.20608
1.20611
1.20614
1.20616
1.20619
1.20622
1.20625
1.20628
1.20631
1.20634
1.20637
1.20639
1.20642
1.20645
1.20648
1.20651
1.20654
1.20657
1.2066
1.20663
1.20666
1.20669
1.20672
1.20675
1.20678
1.20681
1.20684
1.20687
1.2069
1.20693
1.20697
1.207
1.20703
1.20706
1.20709
1.20712
1.20715
1.20718
1.20722
1.20725
1.20728
1.20731
1.20734
1.20738
1.20741
1.20744
1.20747
1.20751
1.20754
1.20757
1.20761
1.20764
1.20767
1.20771
1.20774
1.20777
1.20781
1.20784
1.20787
1.20791
1.20794
1.20798
1.20801
1.20805
1.20808
1.20811
1.20815
1.20818
1.20822
1.20825
1.20829
1.20833
1.20836
1.2084
1.20843
1.20847
1.2085
1.20854
1.20858
1.20861
1.20865
1.20869
1.20872
1.20876
1.2088
1.20883
1.20887
1.20891
1.20895
1.20898
1.20902
1.20906
1.2091
1.20913
1.20917
1.20921
1.20925
1.20929
1.20933
1.20937
1.2094
1.20944
1.20948
1.20952
1.20956
1.2096
1.20964
1.20968
1.20972
1.20976
1.2098
1.20984
1.20988
1.20992
1.20996
1.21001
1.21005
1.21009
1.21013
1.21017
1.21021
1.21025
1.2103
1.21034
1.21038
1.21042
1.21046
1.21051
1.21055
1.21059
1.21064
1.21068
1.21072
1.21077
1.21081
1.21085
1.2109
1.21094
1.21098
1.21103
1.21107
1.21112
1.21116
1.21121
1.21125
1.2113
1.21134
1.21139
1.21143
1.21148
1.21153
1.21157
1.21162
1.21167
1.21171
1.21176
1.21181
1.21185
1.2119
1.21195
1.21199
1.21204
1.21209
1.21214
1.21219
1.21223
1.21228
1.21233
1.21238
1.21243
1.21248
1.21253
1.21258
1.21263
1.21268
1.21273
1.21278
1.21283
1.21288
1.21293
1.21298
1.21303
1.21308
1.21313
1.21318
1.21324
1.21329
1.21334
1.21339
1.21344
1.2135
1.21355
1.2136
1.21365
1.21371
1.21376
1.21381
1.21387
1.21392
1.21398
1.21403
1.21408
1.21414
1.21419
1.21425
1.2143
1.21436
1.21441
1.21447
1.21453
1.21458
1.21464
1.2147
1.21475
1.21481
1.21487
1.21492
1.21498
1.21504
1.2151
1.21515
1.21521
1.21527
1.21533
1.21539
1.21545
1.2155
1.21556
1.21562
1.21568
1.21574
1.2158
1.21586
1.21592
1.21598
1.21605
1.21611
1.21617
1.21623
1.21629
1.21635
1.21642
1.21648
1.21654
1.2166
1.21667
1.21673
1.21679
1.21686
1.21692
1.21698
1.21705
1.21711
1.21718
1.21724
1.21731
1.21737
1.21744
1.2175
1.21757
1.21763
1.2177
1.21777
1.21783
1.2179
1.21797
1.21804
1.2181
1.21817
1.21824
1.21831
1.21838
1.21844
1.21851
1.21858
1.21865
1.21872
1.21879
1.21886
1.21893
1.219
1.21907
1.21915
1.21922
1.21929
1.21936
1.21943
1.2195
1.21958
1.21965
1.21972
1.2198
1.21987
1.21994
1.22002
1.22009
1.22016
1.22024
1.22031
1.22039
1.22046
1.22054
1.22062
1.22069
1.22077
1.22085
1.22092
1.221
1.22108
1.22115
1.22123
1.22131
1.22139
1.22147
1.22155
1.22163
1.22171
1.22178
1.22186
1.22195
1.22203
1.22211
1.22219
1.22227
1.22235
1.22243
1.22251
1.2226
1.22268
1.22276
1.22284
1.22293
1.22301
1.2231
1.22318
1.22326
1.22335
1.22343
1.22352
1.22361
1.22369
1.22378
1.22386
1.22395
1.22404
1.22413
1.22421
1.2243
1.22439
1.22448
1.22457
1.22466
1.22475
1.22483
1.22492
1.22501
1.22511
1.2252
1.22529
1.22538
1.22547
1.22556
1.22565
1.22575
1.22584
1.22593
1.22603
1.22612
1.22622
1.22631
1.2264
1.2265
1.2266
1.22669
1.22679
1.22688
1.22698
1.22708
1.22717
1.22727
1.22737
1.22747
1.22757
1.22767
1.22776
1.22786
1.22796
1.22806
1.22816
1.22827
1.22837
1.22847
1.22857
1.22867
1.22877
1.22888
1.22898
1.22908
1.22919
1.22929
1.2294
1.2295
1.22961
1.22971
1.22982
1.22992
1.23003
1.23014
1.23025
1.23035
1.23046
1.23057
1.23068
1.23079
1.2309
1.23101
1.23112
1.23123
1.23134
1.23145
1.23156
1.23167
1.23179
1.2319
1.23201
1.23213
1.23224
1.23235
1.23247
1.23258
1.2327
1.23281
1.23293
1.23305
1.23316
1.23328
1.2334
1.23352
1.23363
1.23375
1.23387
1.23399
1.23411
1.23423
1.23435
1.23447
1.2346
1.23472
1.23484
1.23496
1.23509
1.23521
1.23533
1.23546
1.23558
1.23571
1.23583
1.23596
1.23609
1.23621
1.23634
1.23647
1.2366
1.23672
1.23685
1.23698
1.23711
1.23724
1.23737
1.2375
1.23764
1.23777
1.2379
1.23803
1.23817
1.2383
1.23843
1.23857
1.2387
1.23884
1.23898
1.23911
1.23925
1.23939
1.23952
1.23966
1.2398
1.23994
1.24008
1.24022
1.24036
1.2405
1.24064
1.24078
1.24093
1.24107
1.24121
1.24136
1.2415
1.24164
1.24179
1.24194
1.24208
1.24223
1.24238
1.24252
1.24267
1.24282
1.24297
1.24312
1.24327
1.24342
1.24357
1.24372
1.24387
1.24403
1.24418
1.24433
1.24449
1.24464
1.24479
1.24495
1.24511
1.24526
1.24542
1.24558
1.24573
1.24589
1.24605
1.24621
1.24637
1.24653
1.24669
1.24686
1.24702
1.24718
1.24734
1.24751
1.24767
1.24784
1.248
1.24817
1.24833
1.2485
1.24867
1.24883
1.249
1.24917
1.24934
1.24951
1.24968
1.24985
1.25002
1.2502
1.25037
1.25054
1.25072
1.25089
1.25107
1.25124
1.25142
1.25159
1.25177
1.25195
1.25213
1.2523
1.25248
1.25266
1.25284
1.25302
1.25321
1.25339
1.25357
1.25375
1.25394
1.25412
1.25431
1.25449
1.25468
1.25486
1.25505
1.25524
1.25542
1.25561
1.2558
1.25599
1.25618
1.25637
1.25656
1.25675
1.25695
1.25714
1.25733
1.25752
1.25772
1.25791
1.25811
1.2583
1.2585
1.2587
1.25889
1.25909
1.25929
1.25949
1.25969
1.25989
1.26009
1.26029
1.26049
1.26069
1.26089
1.2611
1.2613
1.2615
1.26171
1.26191
1.26212
1.26232
1.26253
1.26274
1.26294
1.26315
1.26336
1.26356
1.26377
1.26398
1.26419
1.2644
1.26461
1.26482
1.26503
1.26524
1.26545
1.26566
1.26588
1.26609
1.2663
1.26651
1.26673
1.26694
1.26715
1.26737
1.26758
1.2678
1.26801
1.26823
1.26844
1.26866
1.26887
1.26909
1.2693
1.26952
1.26974
1.26995
1.27017
1.27038
1.2706
1.27082
1.27103
1.27125
1.27147
1.27168
1.2719
1.27211
1.27233
1.27255
1.27276
1.27298
1.27319
1.27341
1.27362
1.27384
1.27405
1.27427
1.27448
1.27469
1.27491
1.27512
1.27533
1.27554
1.27575
1.27596
1.27617
1.27638
1.27659
1.2768
1.27701
1.27721
1.27742
1.27762
1.27783
1.27803
1.27823
1.27843
1.27863
1.27883
1.27903
1.27923
1.27942
1.27962
1.27981
1.28001
1.2802
1.28039
1.28057
1.28076
1.28095
1.28113
1.28131
1.28149
1.28167
1.28185
1.28202
1.28219
1.28237
1.28253
1.2827
1.28287
1.28303
1.28319
1.28335
1.28351
1.28366
1.28381
1.28396
1.28411
1.28425
1.28439
1.28453
1.28467
1.2848
1.28493
1.28506
1.28519
1.28531
1.28543
1.28555
1.28566
1.28577
1.28588
1.28598
1.28609
1.28618
1.28628
1.28637
1.28646
1.28654
1.28663
1.2867
1.28678
1.28685
1.28692
1.28699
1.28705
1.28711
1.28716
1.28721
1.28726
1.28731
1.28735
1.28739
1.28743
1.28746
1.28749
1.28751
1.28754
1.28756
1.28758
1.28759
1.2876
1.28761
1.28762
1.28762
1.28763
1.28763
1.28762
1.28762
1.28761
1.2876
1.28759
1.28758
1.28757
1.28755
1.28754
1.28752
1.2875
1.28748
1.28746
1.28744
1.28742
1.2874
1.28738
1.28736
1.28734
1.28732
1.2873
1.28728
1.28727
1.28725
1.28723
1.28722
1.2872
1.28719
1.28718
1.28717
1.28716
1.28716
1.28715
1.28715
1.28715
1.28716
1.28716
1.28717
1.28718
1.28719
1.2872
1.28722
1.28724
1.28726
1.28728
1.28731
1.28733
1.28736
1.2874
1.28743
1.28747
1.2875
1.28754
1.28758
1.28763
1.28767
1.28771
1.28776
1.28781
1.28785
1.2879
1.28795
1.288
1.28805
1.2881
1.28815
1.28819
1.28824
1.28829
1.28834
1.28838
1.28842
1.28847
1.28851
1.28855
1.28858
1.28862
1.28865
1.28869
1.28872
1.28874
1.28877
1.28879
1.28881
1.28883
1.28884
1.28886
1.28887
1.28887
1.28888
1.28888
1.28888
1.28888
1.28888
1.28888
1.28887
1.28886
1.28885
1.28884
1.28883
1.28882
1.28881
1.2888
1.28878
1.28877
1.28876
1.28875
1.28875
1.28874
1.28874
1.28874
1.28874
1.28874
1.28875
1.28877
1.28879
1.28881
1.28884
1.28887
1.28891
1.28896
1.28902
1.28908
1.28915
1.28923
1.28932
1.28941
1.28952
1.28964
1.28976
1.2899
1.29005
1.2902
1.29037
1.29055
1.29075
1.29095
1.29117
1.2914
1.29164
1.29189
1.29216
1.29244
1.29273
1.29304
1.29335
1.29368
1.29403
1.29438
1.29475
1.29513
1.29552
1.29592
1.29633
1.29676
1.29719
1.29764
1.29809
1.29856
1.29904
1.29952
1.30002
1.30052
1.30103
1.30155
1.30207
1.30261
1.30315
1.30369
1.30424
1.3048
1.30536
1.30592
1.30649
1.30706
1.30764
1.30821
1.30879
1.30937
1.30995
1.31054
1.31112
1.3117
1.31229
1.31287
1.31345
1.31403
1.31461
1.31518
1.31576
1.31633
1.3169
1.31746
1.31803
1.31859
1.31914
1.31969
1.32024
1.32078
1.32132
1.32185
1.32238
1.32291
1.32343
1.32394
1.32445
1.32495
1.32545
1.32594
1.32643
1.32691
1.32739
1.32786
1.32833
1.32879
1.32924
1.32969
1.33014
1.33058
1.33101
1.33144
1.33186
1.33228
1.3327
1.3331
1.33351
1.33391
1.3343
1.33469
1.33508
1.33546
1.33583
1.33621
1.33657
1.33694
1.3373
1.33766
1.33801
1.33836
1.3387
1.33905
1.33939
1.33972
1.34006
1.34039
1.34071
1.34104
1.34136
1.34168
1.342
1.34231
1.34263
1.34294
1.34325
1.34355
1.34386
1.34416
1.34446
1.34476
1.34506
1.34536
1.34566
1.34595
1.34625
1.34654
1.34683
1.34712
1.34741
1.3477
1.34799
1.34827
1.34856
1.34885
1.34913
1.34942
1.3497
1.34998
1.35026
1.35055
1.35083
1.35111
1.35139
1.35167
1.35195
1.35223
1.3525
1.35278
1.35306
1.35333
1.35361
1.35388
1.35416
1.35443
1.3547
1.35498
1.35525
1.35552
1.35579
1.35605
1.35632
1.35659
1.35685
1.35712
1.35738
1.35764
1.3579
1.35816
1.35841
1.35867
1.35892
1.35918
1.35943
1.35967
1.35992
1.36017
1.36041
1.36065
1.36089
1.36112
1.36136
1.36159
1.36182
1.36204
1.36227
1.36249
1.3627
1.36292
1.36313
1.36334
1.36354
1.36374
1.36394
1.36414
1.36433
1.36452
1.3647
1.36488
1.36506
1.36523
1.3654
1.36556
1.36572
1.36588
1.36603
1.36617
1.36631
1.36645
1.36658
1.36671
1.36683
1.36695
1.36706
1.36717
1.36727
1.36736
1.36746
1.36754
1.36762
1.36769
1.36776
1.36782
1.36788
1.36793
1.36797
1.36801
1.36804
1.36806
1.36808
1.36809
1.3681
1.3681
1.36809
1.36808
1.36805
1.36802
1.36799
1.36795
1.3679
1.36784
1.36778
1.3677
1.36763
1.36754
1.36745
1.36735
1.36724
1.36712
1.367
1.36687
1.36673
1.36658
1.36643
1.36627
1.3661
1.36592
1.36574
1.36554
1.36534
1.36514
1.36492
1.3647
1.36447
1.36423
1.36398
1.36373
1.36347
1.3632
1.36292
1.36264
1.36235
1.36205
1.36175
1.36143
1.36111
1.36079
1.36045
1.36011
1.35977
1.35941
1.35905
1.35868
1.35831
1.35793
1.35754
1.35715
1.35676
1.35635
1.35594
1.35553
1.35511
1.35469
1.35426
1.35382
1.35338
1.35294
1.35249
1.35204
1.35159
1.35113
1.35067
1.3502
1.34973
1.34926
1.34879
1.34832
1.34784
1.34736
1.34688
1.3464
1.34591
1.34543
1.34494
1.34446
1.34397
1.34349
1.343
1.34252
1.34204
1.34156
1.34108
1.3406
1.34012
1.33965
1.33918
1.33871
1.33825
1.33778
1.33733
1.33687
1.33642
1.33598
1.33554
1.33511
1.33468
1.33425
1.33384
1.33343
1.33302
1.33262
1.33223
1.33185
1.33148
1.33111
1.33075
1.3304
1.33006
1.32973
1.3294
1.32909
1.32879
1.32849
1.32821
1.32794
1.32768
1.32743
1.32719
1.32696
1.32674
1.32654
1.32635
1.32617
1.326
1.32585
1.32571
1.32558
1.32547
1.32537
1.32529
1.32521
1.32516
1.32511
1.32508
1.32507
1.32507
1.32509
1.32512
1.32516
1.32522
1.3253
1.32539
1.3255
1.32562
1.32576
1.32591
1.32608
1.32626
1.32646
1.32667
1.3269
1.32715
1.32741
1.32768
1.32797
1.32828
1.3286
1.32894
1.32929
1.32965
1.33003
1.33043
1.33083
1.33125
1.33169
1.33214
1.3326
1.33307
1.33356
1.33406
1.33458
1.3351
1.33564
1.33618
1.33674
1.33731
1.33789
1.33848
1.33908
1.33969
1.34031
1.34094
1.34157
1.34222
1.34287
1.34352
1.34419
1.34486
1.34554
1.34622
1.34691
1.3476
1.34829
1.34899
1.3497
1.3504
1.35111
1.35182
1.35253
1.35324
1.35395
1.35466
1.35537
1.35608
1.35679
1.35749
1.35819
1.35889
1.35958
1.36027
1.36095
1.36163
1.3623
1.36297
1.36362
1.36427
1.36491
1.36554
1.36616
1.36677
1.36737
1.36796
1.36854
1.3691
1.36965
1.37018
1.3707
1.37121
1.3717
1.37217
1.37263
1.37307
1.37349
1.37389
1.37427
1.37464
1.37498
1.3753
1.3756
1.37588
1.37614
1.37638
1.37659
1.37677
1.37694
1.37708
1.37719
1.37728
1.37735
1.37739
1.3774
1.37739
1.37735
1.37729
1.3772
1.37709
1.37694
1.37678
1.37659
1.37637
1.37613
1.37586
1.37558
1.37527
1.37493
1.37458
1.37421
1.37381
1.3734
1.37297
1.37253
1.37207
1.37161
1.37113
1.37064
1.37014
1.36964
1.36914
1.36864
1.36813
1.36763
1.36714
1.36665
1.36618
1.36572
1.36527
1.36484
1.36443
1.36405
1.36369
1.36335
1.36305
1.36277
1.36253
1.36232
1.36215
1.36202
1.36193
1.36187
1.36186
1.36189
1.36196
1.36208
1.36223
1.36243
1.36268
1.36296
1.36329
1.36365
1.36406
1.36451
1.36499
1.3655
1.36605
1.36663
1.36725
1.36788
1.36855
1.36924
1.36995
1.37068
1.37142
1.37218
1.37296
1.37374
1.37453
1.37533
1.37613
1.37694
1.37774
1.37854
1.37934
