1.54
1.52985
1.52941
1.52867
1.52764
1.52632
1.52471
1.5228
1.5206
1.51811
1.51534
1.51227
1.50892
1.50528
1.50136
1.49715
1.49267
1.48791
1.48287
1.47755
1.47195
1.46608
1.45993
1.45351
1.44682
1.43985
1.43261
1.4251
1.41732
1.40927
1.40095
1.39237
1.38352
1.37442
1.36505
1.35543
1.34555
1.33543
1.32505
1.31444
1.30358
1.29249
1.28117
1.26962
1.25785
1.24586
1.23365
1.22125
1.20864
1.19583
1.18284
1.16967
1.15633
1.14282
1.12915
1.11533
1.10137
1.08728
1.07306
1.05873
1.0443
1.02977
1.01517
1.00049
0.985747
0.970958
0.956133
0.941283
0.926421
0.911559
0.896709
0.881885
0.8671
0.852368
0.837701
0.823112
0.808616
0.794225
0.779953
0.765814
0.751822
0.737989
0.724328
0.710852
0.697574
0.684507
0.671661
0.65905
0.646684
0.634575
0.622732
0.611167
0.599889
0.588907
0.578229
0.567865
0.557821
0.548105
0.538722
0.529679
0.520979
0.512629
0.504631
0.496989
0.489705
0.482782
0.476219
0.470018
0.464178
0.458699
0.45358
0.448818
0.444412
0.440359
0.436654
0.433295
0.430276
0.427594
0.425241
0.423213
0.421503
0.420104
0.419011
0.418215
0.41771
0.417488
0.41754
0.417859
0.418437
0.419264
0.420333
0.421635
0.423161
0.424902
0.426849
0.428994
0.431328
0.433842
0.436526
0.439372
0.442372
0.445518
0.4488
0.452211
0.455742
0.459385
0.463132
0.466976
0.470908
0.47492
0.479007
0.483161
0.487374
0.491641
0.495954
0.500308
0.504696
0.509112
0.513551
0.518006
0.522473
0.526947
0.531423
0.535896
0.540361
0.544815
0.549253
0.553672
0.558067
0.562437
0.566776
0.571081
0.57535
0.57958
0.583767
0.58791
0.592005
0.59605
0.600044
0.603984
0.607869
0.611695
0.615463
0.619168
0.622812
0.626391
0.629903
0.633349
0.636725
0.640032
0.643267
0.646431
0.649522
0.652539
0.65548
0.658343
0.661128
0.663834
0.66646
0.669005
0.671467
0.673847
0.676144
0.678357
0.680485
0.682528
0.684484
0.686353
0.688136
0.689832
0.69144
0.692959
0.694389
0.695729
0.696981
0.698143
0.699215
0.700198
0.701092
0.701899
0.702617
0.703248
0.703794
0.704253
0.704627
0.704917
0.705124
0.705249
0.705293
0.705258
0.705146
0.704958
0.704695
0.704361
0.703957
0.703486
0.702951
0.702353
0.701696
0.700982
0.700214
0.699395
0.698528
0.697616
0.696663
0.695671
0.694646
0.69359
0.692508
0.691402
0.690276
0.689133
0.687978
0.686813
0.685642
0.684469
0.683298
0.682133
0.680979
0.679837
0.67871
0.677603
0.676518
0.67546
0.674432
0.673436
0.672476
0.671554
0.670673
0.669836
0.669043
0.6683
0.667607
0.666967
0.666381
0.665852
0.665382
0.664971
0.664622
0.664335
0.66411
0.663948
0.663851
0.663819
0.663851
0.66395
0.664113
0.664342
0.664637
0.664998
0.665425
0.665916
0.666472
0.667092
0.667775
0.668521
0.669328
0.670196
0.671122
0.672105
0.673144
0.674237
0.675383
0.67658
0.677827
0.679123
0.680466
0.681853
0.683282
0.684752
0.68626
0.687805
0.689386
0.691
0.692646
0.69432
0.69602
0.697743
0.699489
0.701254
0.703036
0.704832
0.706641
0.708459
0.710285
0.712116
0.713949
0.715782
0.717613
0.719439
0.721257
0.723066
0.724862
0.726644
0.728408
0.730153
0.731874
0.73357
0.735237
0.736873
0.738477
0.740045
0.741575
0.743066
0.744516
0.745921
0.747279
0.748588
0.749847
0.751053
0.752206
0.753304
0.754345
0.755329
0.756256
0.757123
0.757932
0.75868
0.759369
0.759999
0.760568
0.761079
0.761533
0.761931
0.762274
0.762564
0.762802
0.76299
0.76313
0.763226
0.76328
0.763295
0.763275
0.763222
0.763141
0.763035
0.762909
0.762767
0.762613
0.76245
0.762285
0.76212
0.761961
0.761812
0.761678
0.761565
0.761476
0.761415
0.761388
0.761397
0.761447
0.761543
0.761688
0.761885
0.762137
0.762447
0.762817
0.763249
0.763744
0.764305
0.764933
0.765629
0.766392
0.767224
0.768122
0.769086
0.770115
0.771208
0.772362
0.773575
0.774845
0.77617
0.777546
0.77897
0.780439
0.781949
0.783498
0.785081
0.786695
0.788336
0.789999
0.791681
0.793378
0.795086
0.796801
0.798521
0.800242
0.80196
0.803671
0.805372
0.807061
0.808733
0.810387
0.812019
0.813628
0.815213
0.816769
0.818295
0.819788
0.821247
0.822671
0.824056
0.825404
0.826712
0.827978
0.829203
0.830384
0.831522
0.832616
0.833666
0.83467
0.835627
0.836538
0.837401
0.838216
0.838984
0.839704
0.840376
0.841
0.841574
0.8421
0.842577
0.843007
0.843388
0.84372
0.844004
0.844238
0.844423
0.844561
0.84465
0.84469
0.844682
0.844626
0.844523
0.844373
0.844176
0.843932
0.843642
0.843306
0.842925
0.842498
0.842027
0.841512
0.840954
0.840353
0.839711
0.839028
0.838306
0.837545
0.836748
0.835915
0.835048
0.834149
0.833219
0.832261
0.831277
0.830267
0.829235
0.828183
0.827112
0.826026
0.824926
0.823815
0.822695
0.821569
0.82044
0.819312
0.818186
0.817067
0.815957
0.814859
0.813774
0.812708
0.811663
0.810642
0.809647
0.808683
0.807752
0.806858
0.806001
0.805186
0.804414
0.803689
0.803013
0.802388
0.801816
0.801299
0.80084
0.800442
0.800104
0.799829
0.799619
0.799473
0.799394
0.799383
0.799441
0.799567
0.799762
0.800027
0.800363
0.800767
0.80124
0.801782
0.802392
0.803069
0.803812
0.804621
0.805494
0.80643
0.807426
0.808481
0.809594
0.810764
0.811986
0.813261
0.814585
0.815955
0.81737
0.818827
0.820324
0.821857
0.823424
0.825022
0.826649
0.828302
0.829978
0.831675
0.833391
0.835122
0.836866
0.838621
0.840383
0.842151
0.843922
0.845693
0.847463
0.849228
0.850987
0.852737
0.854478
0.856207
0.857923
0.859624
0.861309
0.862974
0.864618
0.866239
0.867837
0.86941
0.870957
0.872478
0.873972
0.875436
0.876872
0.878276
0.87965
0.880992
0.882301
0.883577
0.884819
0.886027
0.8872
0.888341
0.889447
0.89052
0.891557
0.89256
0.893528
0.894463
0.895363
0.896231
0.897065
0.897864
0.89863
0.899362
0.90006
0.900723
0.901355
0.901954
0.90252
0.903054
0.903554
0.904022
0.904456
0.904858
0.905226
0.905561
0.905863
0.906131
0.906367
0.90657
0.90674
0.906877
0.906981
0.907051
0.907088
0.907092
0.907062
0.906998
0.906901
0.90677
0.906606
0.906408
0.906175
0.905907
0.905604
0.905265
0.904891
0.904481
0.904036
0.903554
0.903036
0.902482
0.901893
0.901266
0.900604
0.899904
0.899167
0.898395
0.897585
0.896739
0.895856
0.894936
0.89398
0.892987
0.891959
0.890895
0.889797
0.888665
0.8875
0.886302
0.885073
0.883812
0.882521
0.881201
0.879856
0.878484
0.877088
0.875669
0.874227
0.872765
0.871282
0.869783
0.868267
0.866738
0.865197
0.863645
0.862085
0.860519
0.858948
0.857375
0.855803
0.854231
0.852663
0.8511
0.849544
0.847997
0.846461
0.844936
0.843426
0.841931
0.840454
0.838995
0.837556
0.836136
0.834738
0.833362
0.83201
0.830681
0.829378
0.828099
0.826846
0.825618
0.824415
0.823236
0.822081
0.820951
0.819843
0.818759
0.817697
0.816656
0.815636
0.814636
0.813655
0.812691
0.811744
0.810811
0.809892
0.808985
0.808089
0.807202
0.806322
0.805448
0.804578
0.803709
0.802841
0.801973
0.801103
0.800229
0.799351
0.798467
0.797575
0.796673
0.795762
0.794838
0.793902
0.792952
0.791987
0.791007
0.790011
0.788996
0.787964
0.786913
0.785844
0.784756
0.783648
0.78252
0.78137
0.780199
0.779009
0.777799
0.776569
0.775319
0.774048
0.772758
0.771449
0.77012
0.768773
0.767408
0.766026
0.764628
0.763215
0.761787
0.760347
0.758895
0.757431
0.755959
0.754479
0.752993
0.751502
0.750008
0.748512
0.747015
0.74552
0.744027
0.742539
0.741057
0.739582
0.738117
0.736663
0.735222
0.733797
0.73239
0.731
0.729631
0.728284
0.726961
0.725664
0.724396
0.723157
0.721949
0.720774
0.719634
0.718531
0.717465
0.716438
0.715453
0.714511
0.713614
0.712763
0.71196
0.711206
0.710503
0.709852
0.709255
0.708713
0.708226
0.707797
0.707425
0.707114
0.706862
0.706671
0.706541
0.706474
0.706468
0.706525
0.706644
0.706827
0.707072
0.707381
0.707754
0.70819
0.708689
0.709252
0.709878
0.710565
0.711314
0.712123
0.712991
0.713919
0.714903
0.715943
0.717036
0.718182
0.719378
0.720623
0.721914
0.723249
0.724625
0.726042
0.727496
0.728985
0.730505
0.732054
0.73363
0.73523
0.736853
0.738495
0.740153
0.741822
0.7435
0.745184
0.746872
0.74856
0.750248
0.751931
0.753607
0.755273
0.756927
0.758566
0.760188
0.761791
0.763374
0.764934
0.76647
0.76798
0.769463
0.770916
0.772338
0.773728
0.775086
0.776409
0.777696
0.778947
0.780161
0.781337
0.782475
0.783573
0.784632
0.78565
0.786628
0.787565
0.788462
0.789318
0.790133
0.790908
0.791641
0.792333
0.792986
0.793598
0.79417
0.794703
0.795196
0.79565
0.796065
0.796442
0.79678
0.797081
0.797344
0.797571
0.797762
0.797918
0.79804
0.798128
0.798184
0.798208
0.798201
0.798164
0.798097
0.798002
0.797881
0.797732
0.797558
0.797359
0.797137
0.796893
0.796627
0.796342
0.796037
0.795715
0.795377
0.795023
0.794655
0.794273
0.79388
0.793475
0.79306
0.792638
0.792209
0.791772
0.791331
0.790885
0.790436
0.789984
0.789531
0.789078
0.788625
0.788174
0.787723
0.787276
0.786832
0.786393
0.785959
0.78553
0.785107
0.78469
0.784279
0.783873
0.783474
0.783081
0.782693
0.782311
0.781937
0.781569
0.781207
0.780853
0.780504
0.780161
0.779824
0.779493
0.779167
0.778846
0.77853
0.778219
0.777912
0.777609
0.77731
0.777014
0.776721
0.776431
0.776143
0.775858
0.775575
0.775295
0.775017
0.774741
0.774468
0.774196
0.773927
0.773661
0.773399
0.773138
0.772881
0.772626
0.772375
0.772128
0.771885
0.771647
0.771415
0.771188
0.770968
0.770754
0.770548
0.770349
0.77016
0.769979
0.769808
0.769647
0.769497
0.76936
0.769236
0.769126
0.769032
0.768952
0.768889
0.768844
0.768817
0.768809
0.768821
0.768855
0.768913
0.768994
0.769098
0.769227
0.76938
0.76956
0.769767
0.770004
0.770268
0.770562
0.770884
0.771235
0.771614
0.772024
0.772462
0.772929
0.773424
0.773947
0.774497
0.775076
0.77568
0.77631
0.776964
0.777642
0.778341
0.779061
0.779801
0.780557
0.781331
0.782118
0.782919
0.783729
0.784548
0.785374
0.786204
0.787036
0.787869
0.788699
0.789525
0.790345
0.791155
0.791955
0.792741
0.793512
0.794265
0.795
0.795713
0.796403
0.797067
0.797702
0.798308
0.798882
0.799422
0.799928
0.800398
0.80083
0.801224
0.801578
0.80189
0.80216
0.802385
0.802566
0.8027
0.802789
0.802831
0.802826
0.802773
0.802671
0.80252
0.80232
0.80207
0.801771
0.801423
0.801025
0.800578
0.800082
0.799537
0.798943
0.798302
0.797615
0.796883
0.796107
0.795286
0.794422
0.793516
0.792568
0.791581
0.790556
0.789494
0.788397
0.787267
0.786104
0.784912
0.78369
0.782443
0.781173
0.779882
0.778572
0.777244
0.775902
0.774546
0.773181
0.771807
0.770429
0.769047
0.767666
0.766286
0.764913
0.763548
0.762195
0.760858
0.759537
0.758236
0.756958
0.755706
0.754482
0.75329
0.752133
0.751013
0.749935
0.748899
0.747908
0.746964
0.74607
0.745229
0.744442
0.743713
0.743043
0.742434
0.741888
0.741408
0.740996
0.740652
0.740379
0.740177
0.740048
0.739992
0.740011
0.740104
0.740274
0.74052
0.740842
0.74124
0.741715
0.742266
0.742894
0.743598
0.744376
0.74523
0.746157
0.747157
0.748227
0.749368
0.750578
0.751855
0.753198
0.754605
0.756074
0.757603
0.759189
0.76083
0.762523
0.764265
0.766055
0.76789
0.769767
0.771683
0.773635
0.77562
0.777636
0.779681
0.781751
0.783843
0.785954
0.78808
0.790218
0.792365
0.794518
0.796674
0.798831
0.800985
0.803133
0.805272
0.8074
0.809513
0.811608
0.813683
0.815735
0.817762
0.81976
0.821728
0.823662
0.82556
0.827419
0.829237
0.831013
0.832743
0.834426
0.83606
0.837643
0.839173
0.840649
0.84207
0.843434
0.84474
0.845987
0.847173
0.848297
0.849359
0.850358
0.851295
0.85217
0.852982
0.853733
0.854421
0.855045
0.855607
0.856106
0.856543
0.856922
0.85724
0.8575
0.857702
0.857849
0.857941
0.857981
0.85797
0.85791
0.857802
0.85765
0.857456
0.857222
0.856949
0.856643
0.856305
0.855937
0.855542
0.855122
0.85468
0.854218
0.853739
0.853247
0.852744
0.852233
0.851718
0.8512
0.850684
0.850173
0.849667
0.84917
0.848685
0.848213
0.847757
0.847318
0.846898
0.846501
0.846128
0.845782
0.845466
0.84518
0.844926
0.844706
0.844521
0.844374
0.844264
0.844193
0.844161
0.844169
0.844218
0.844309
0.844441
0.844615
0.844831
0.845089
0.845391
0.845734
0.846119
0.846544
0.84701
0.847516
0.848062
0.848647
0.84927
0.849928
0.85062
0.851344
0.852097
0.852878
0.853686
0.854518
0.855373
0.856248
0.857142
0.85805
0.858971
0.859902
0.860839
0.861781
0.862725
0.863667
0.864608
0.865543
0.86647
0.867385
0.868285
0.869169
0.870033
0.870874
0.871691
0.872481
0.873242
0.873971
0.874666
0.875324
0.875943
0.876521
0.877058
0.877552
0.877999
0.878399
0.87875
0.879049
0.879296
0.879489
0.879629
0.879713
0.879742
0.879713
0.879627
0.879481
0.879277
0.879012
0.878688
0.878304
0.877859
0.877354
0.876787
0.87616
0.875472
0.874723
0.873914
0.873045
0.872118
0.871132
0.87009
0.868991
0.867836
0.866626
0.865362
0.864045
0.862677
0.861257
0.859786
0.858266
0.856698
0.855084
0.853424
0.851719
0.849972
0.848184
0.846355
0.844486
0.842579
0.840637
0.838661
0.836652
0.834612
0.832543
0.830446
0.828322
0.826172
0.824
0.821806
0.819592
0.817357
0.815105
0.812837
0.810555
0.808261
0.805956
0.803642
0.801319
0.798989
0.796654
0.794316
0.791977
0.789638
0.787299
0.784962
0.782629
0.780301
0.77798
0.775667
0.773364
0.771073
0.768795
0.76653
0.764281
0.76205
0.759838
0.757647
0.755478
0.753332
0.751212
0.749118
0.747052
0.745015
0.743011
0.741038
0.739099
0.737194
0.735327
0.733499
0.731709
0.729961
0.728255
0.726592
0.724975
0.723405
0.721883
0.720412
0.718991
0.717622
0.716305
0.715043
0.713835
0.712685
0.711592
0.710557
0.709582
0.708668
0.707816
0.707025
0.706297
0.705633
0.705032
0.704494
0.704021
0.703613
0.70327
0.702991
0.702778
0.702629
0.702544
0.702525
0.70257
0.702678
0.702849
0.703083
0.703379
0.703737
0.704154
0.704632
0.705168
0.705761
0.706411
0.707117
0.707878
0.708692
0.709559
0.710476
0.711443
0.712458
0.71352
0.714626
0.715776
0.716968
0.718201
0.719473
0.720783
0.72213
0.723511
0.724925
0.726371
0.727849
0.729356
0.730893
0.732456
0.734045
0.735657
0.737293
0.738951
0.74063
0.742327
0.744043
0.745776
0.747526
0.749292
0.751071
0.752864
0.754669
0.756485
0.758311
0.760146
0.76199
0.763841
0.765699
0.767561
0.769427
0.771295
0.773163
0.775033
0.776903
0.77877
0.780632
0.78249
0.784342
0.786187
0.788023
0.789849
0.791662
0.793463
0.795248
0.797016
0.798767
0.800498
0.802208
0.803896
0.805559
0.807197
0.808807
0.810387
0.811936
0.813453
0.814936
0.816386
0.817799
0.819175
0.820512
0.82181
0.823066
0.82428
0.82545
0.826576
0.827656
0.828689
0.829676
0.830613
0.831502
0.832339
0.833125
0.833859
0.834542
0.835171
0.835746
0.836267
0.836734
0.837148
0.837506
0.83781
0.838059
0.838252
0.83839
0.838472
0.838501
0.838475
0.838398
0.838267
0.838084
0.837847
0.837558
0.837218
0.836828
0.836387
0.835898
0.835359
0.834775
0.834146
0.833471
0.832752
0.83199
0.831185
0.83034
0.829456
0.828535
0.827577
0.826587
0.825563
0.824507
0.823419
0.822303
0.821159
0.819989
0.818795
0.817578
0.81634
0.815083
0.813809
0.812519
0.811214
0.809898
0.808572
0.807239
0.805902
0.804562
0.80322
0.801877
0.800537
0.7992
0.79787
0.796548
0.795235
0.793932
0.792641
0.791364
0.790101
0.788856
0.787629
0.786422
0.785238
0.784076
0.782939
0.781829
0.780747
0.779694
0.778673
0.777683
0.776728
0.775807
0.774923
0.774078
0.773273
0.772509
0.771786
0.771105
0.770468
0.769878
0.769333
0.768835
0.768386
0.767986
0.767635
0.767334
0.767085
0.766887
0.76674
0.766646
0.766604
0.766614
0.766677
0.766793
0.766963
0.767184
0.767458
0.767783
0.768159
0.768585
0.76906
0.769583
0.770153
0.770769
0.771431
0.772137
0.772886
0.773675
0.774504
0.77537
0.776272
0.777209
0.778179
0.779178
0.780204
0.781255
0.782329
0.783424
0.784537
0.785666
0.78681
0.787964
0.789129
0.7903
0.791475
0.792653
0.793831
0.795005
0.796175
0.797339
0.798494
0.799638
0.800769
0.801886
0.802985
0.804066
0.805125
0.806163
0.807178
0.808166
0.809127
0.810062
0.810967
0.811842
0.812687
0.8135
0.81428
0.815026
0.815739
0.816417
0.81706
0.817668
0.818241
0.818778
0.81928
0.819748
0.82018
0.820579
0.820944
0.821276
0.821575
0.821842
0.822079
0.822285
0.82246
0.822607
0.822726
0.822818
0.822885
0.822927
0.822946
0.822942
0.822918
0.822874
0.82281
0.82273
0.822633
0.82252
0.822394
0.822255
0.822104
0.821942
0.82177
0.821588
0.821398
0.821202
0.821001
0.820794
0.820582
0.820366
0.820148
0.819927
0.819705
0.819483
0.819261
0.819037
0.818814
0.818592
0.81837
0.818149
0.81793
0.817714
0.8175
0.817289
0.81708
0.816872
0.816667
0.816464
0.816263
0.816065
0.815868
0.815674
0.815483
0.815293
0.815105
0.814917
0.81473
0.814543
0.814356
0.81417
0.813983
0.813796
0.813608
0.81342
0.81323
0.813039
0.812848
0.812656
0.812461
0.812264
0.812065
0.811864
0.811659
0.811451
0.81124
0.811027
0.810809
0.810587
0.81036
0.810129
0.809892
0.80965
0.809403
0.809152
0.808894
0.808629
0.808358
0.80808
0.807795
0.807503
0.807203
0.806896
0.806581
0.806258
0.805926
0.805585
0.805234
0.804875
0.804506
0.804125
0.803735
0.803333
0.80292
0.802496
0.802059
0.80161
0.801149
0.800674
0.800186
0.799685
0.799169
0.79864
0.798096
0.797538
0.796964
0.796375
0.79577
0.795149
0.794511
0.793858
0.793187
0.7925
0.791798
0.791078
0.79034
0.789585
0.788812
0.788022
0.787214
0.786389
0.785547
0.784689
0.783813
0.78292
0.782011
0.781086
0.780146
0.77919
0.77822
0.777235
0.776236
0.775224
0.774199
0.773162
0.772114
0.771056
0.76999
0.768917
0.767837
0.766751
0.76566
0.764565
0.763468
0.762371
0.761273
0.760178
0.759088
0.758004
0.756925
0.755856
0.754798
0.753753
0.752722
0.751706
0.750708
0.749729
0.748771
0.747837
0.746927
0.746044
0.74519
0.744369
0.74358
0.742825
0.742105
0.741424
0.740782
0.740179
0.739619
0.739101
0.738628
0.738201
0.73782
0.737487
0.737205
0.736974
0.736795
0.736669
0.736594
0.736572
0.736602
0.736684
0.73682
0.737008
0.737248
0.737541
0.737885
0.738282
0.73873
0.739228
0.739776
0.740373
0.741016
0.741705
0.74244
0.743218
0.744036
0.744895
0.745791
0.746722
0.747687
0.748684
0.749712
0.750767
0.751847
0.75295
0.754074
0.755217
0.756376
0.757549
0.758732
0.759924
0.761122
0.762324
0.763525
0.764725
0.765922
0.767112
0.768292
0.769461
0.770615
0.771752
0.77287
0.773966
0.775038
0.776084
0.777102
0.778091
0.77905
0.779976
0.780868
0.781725
0.782546
0.783328
0.784071
0.784774
0.785436
0.786056
0.786634
0.787169
0.787663
0.788115
0.788525
0.788894
0.789222
0.789509
0.789758
0.789969
0.790144
0.790285
0.790394
0.790471
0.790518
0.790538
0.790533
0.790505
0.790457
0.790391
0.79031
0.790215
0.79011
0.789998
0.789882
