             50       0.075693      0.0258788      0.0143146            0.5
             50     -0.0244454      0.0115839     0.00784238            0.6
             50     -0.0399282     0.00568201     0.00342688            0.7
             50       0.015539    -0.00133199     0.00193675            0.8
             50       0.001163    -0.00185454     0.00105348            0.9
             50      0.0041082     0.00129278    0.000760893              1
             50      0.0036514    0.000561804    0.000733189            1.1
             50       0.003655   -0.000279768    0.000571284            1.2
             50     -0.0038516     0.00023022    0.000445833            1.3
             50      0.0008144   -0.000291984    0.000391022            1.4
             50      0.0021652    0.000300676    0.000335773            1.5
             50       0.001844     0.00013762    0.000301865            1.6
             50      0.0014838     0.00015316    0.000315358            1.7
             50     -0.0029462   -0.000514868    0.000287302            1.8
             50     -0.0005124    0.000289632    0.000257039            1.9
             50      0.0003384    0.000150584    0.000230357              2
