             50       0.871502       0.888992     0.00326468            0.5
             50       0.672215       0.673423     0.00393877            0.6
             50       0.418971       0.444879     0.00289627            0.7
             50       0.304769       0.290343     0.00164415            0.8
             50       0.205757       0.200003     0.00117343            0.9
             50       0.142837       0.147464    0.000789363              1
             50       0.116362       0.111903    0.000674662            1.1
             50      0.0909286      0.0875509    0.000530505            1.2
             50       0.067521      0.0717512    0.000447679            1.3
             50      0.0613116      0.0589802    0.000382884            1.4
             50      0.0517606      0.0507232    0.000347212            1.5
             50      0.0452998      0.0437038    0.000300367            1.6
             50      0.0405452      0.0383327    0.000314916            1.7
             50       0.031409      0.0332291    0.000286494            1.8
             50      0.0304172      0.0303851    0.000255024            1.9
             50      0.0272274      0.0272423    0.000230286              2
