             50        78.8611        79.1751       0.144122            0.5
             50        43.1701        44.1268      0.0973569            0.6
             50        24.7444        24.7716      0.0578024            0.7
             50        15.2598        15.1948      0.0378048            0.8
             50        10.3204        10.2756      0.0159495            0.9
             50        7.52295        7.39172      0.0112811              1
             50        5.61157        5.60895     0.00811865            1.1
             50        4.33544        4.41104     0.00495298            1.2
             50        3.58478        3.57936     0.00390478            1.3
             50        2.95672          2.982     0.00242137            1.4
             50         2.5466        2.52923     0.00213952            1.5
             50        2.19332         2.1838     0.00200104            1.6
             50        1.91164         1.9083     0.00186854            1.7
             50        1.68334        1.68814     0.00107229            1.8
             50        1.50979        1.50606     0.00109689            1.9
             50        1.36395        1.36109    0.000909102              2
