             50       0.327502       0.328377      0.0013958            0.5
             50       0.419778       0.423857    0.000843869            0.6
             50        0.43356       0.433357    0.000595726            0.7
             50       0.443914        0.43983    0.000544263            0.8
             50       0.434755       0.436116    0.000438554            0.9
             50        0.41994       0.420491     0.00034196              1
             50       0.400176       0.396958    0.000298191            1.1
             50       0.373427       0.371054    0.000229816            1.2
             50       0.346815       0.344355    0.000185698            1.3
             50       0.316294       0.318475    0.000191692            1.4
             50       0.292886        0.29361    0.000152958            1.5
             50       0.270874       0.270483    0.000154588            1.6
             50       0.249448       0.249332     0.00013514            1.7
             50       0.230129       0.229905    0.000107294            1.8
             50       0.213158       0.212496    9.63892e-05            1.9
             50       0.196998       0.196734    0.000100338              2
